2 0.4302083333333333 0.7064814814814815 0.22083333333333333 0.4203703703703704
2 0.6872395833333333 0.6902777777777778 0.21302083333333333 0.4083333333333333
2 0.88046875 0.5324074074074074 0.09010416666666667 0.23148148148148148
2 0.5828125 0.5347222222222222 0.09895833333333333 0.18055555555555555
0 0.58671875 0.4962962962962963 0.0171875 0.031481481481481485
0 0.61171875 0.49953703703703706 0.021354166666666667 0.028703703703703703
0 0.6140625 0.5453703703703704 0.03229166666666666 0.07777777777777778
0 0.6580729166666667 0.5449074074074074 0.05572916666666666 0.09537037037037037
0 0.9075520833333334 0.4777777777777778 0.019270833333333334 0.0462962962962963
0 0.41328125 0.5958333333333333 0.03697916666666667 0.075
0 0.36953125 0.5648148148148149 0.04635416666666667 0.09444444444444444
