2 0.7380208333333333 0.6972222222222223 0.19479166666666667 0.4462962962962963
2 0.36796875 0.8046296296296297 0.19427083333333334 0.3907407407407408
2 0.052083333333333336 0.7287037037037037 0.103125 0.3111111111111111
2 0.18802083333333333 0.8407407407407408 0.19583333333333333 0.31851851851851853
0 0.0609375 0.6273148148148149 0.03333333333333333 0.08611111111111111
0 0.7502604166666667 0.6037037037037037 0.03177083333333333 0.06296296296296297
1 0.33489583333333334 0.6375000000000001 0.040625 0.08425925925925926
1 0.35494791666666664 0.7087962962962964 0.03802083333333333 0.058333333333333334
1 0.30104166666666665 0.6361111111111112 0.03125 0.07407407407407407
1 0.19661458333333334 0.7541666666666667 0.0671875 0.13240740740740742
1 0.13125 0.7486111111111111 0.05520833333333333 0.11574074074074074
1 0.0296875 0.6490740740740741 0.026041666666666668 0.061111111111111116
