2 0.8901041666666667 0.6837962962962963 0.13854166666666667 0.5046296296296297
2 0.7731770833333333 0.562962962962963 0.0890625 0.3703703703703704
2 0.6828125 0.6546296296296297 0.16666666666666666 0.5240740740740741
2 0.5369791666666667 0.5837962962962964 0.125 0.36944444444444446
2 0.5002604166666667 0.7870370370370371 0.17552083333333332 0.41111111111111115
2 0.3541666666666667 0.6125 0.13020833333333334 0.4675925925925926
1 0.3494791666666667 0.4708333333333333 0.0375 0.09166666666666667
1 0.465625 0.6467592592592593 0.053125 0.1212962962962963
1 0.6783854166666666 0.47870370370370374 0.03697916666666667 0.07777777777777778
1 0.70859375 0.500462962962963 0.0328125 0.08055555555555556
0 0.88125 0.5143518518518518 0.05520833333333333 0.12685185185185185
0 0.7526041666666666 0.44583333333333336 0.026041666666666668 0.0638888888888889
0 0.5177083333333333 0.4759259259259259 0.040625 0.08888888888888889
