2 0.7856770833333333 0.7833333333333333 0.28802083333333334 0.43333333333333335
2 0.5109375 0.6157407407407408 0.07395833333333333 0.20740740740740743
2 0.59140625 0.5986111111111111 0.07760416666666667 0.1953703703703704
2 0.434375 0.7111111111111111 0.15208333333333332 0.32962962962962966
2 0.2598958333333333 0.8162037037037038 0.21458333333333332 0.3675925925925926
2 0.050520833333333334 0.7532407407407408 0.09895833333333333 0.33240740740740743
2 0.11536458333333333 0.6129629629629629 0.050520833333333334 0.13333333333333333
1 0.01640625 0.637962962962963 0.024479166666666666 0.061111111111111116
1 0.5260416666666666 0.563425925925926 0.014583333333333334 0.03425925925925926
0 0.7307291666666667 0.6643518518518519 0.051041666666666666 0.10462962962962963
0 0.684375 0.6435185185185185 0.04791666666666666 0.1
0 0.584375 0.5476851851851852 0.021875 0.04351851851851852
0 0.4010416666666667 0.5925925925925926 0.035416666666666666 0.06481481481481481
0 0.5145833333333333 0.5532407407407408 0.017708333333333333 0.030555555555555558
0 0.23020833333333332 0.6976851851851852 0.03854166666666667 0.08425925925925926
0 0.19244791666666666 0.6870370370370371 0.0328125 0.07777777777777778
0 0.11015625 0.5722222222222223 0.011979166666666666 0.022222222222222223
