1 0.7925 0.2636363636363636 0.07 0.12
1 0.6925 0.26 0.04 0.06181818181818182
1 0.63625 0.28545454545454546 0.0425 0.08363636363636363
1 0.3575 0.2909090909090909 0.04 0.07272727272727272
1 0.3075 0.3018181818181818 0.05 0.08
1 0.15875 0.26545454545454544 0.0425 0.09454545454545454
1 0.07125000000000001 0.2690909090909091 0.0625 0.10909090909090909
2 0.12875 0.4636363636363636 0.2325 0.5490909090909091
2 0.32375 0.3927272727272727 0.1875 0.3563636363636364
2 0.61 0.4163636363636364 0.195 0.4909090909090909
2 0.7575000000000001 0.5563636363636364 0.29 0.7345454545454545
