2 0.56875 0.6574074074074074 0.090625 0.22777777777777777
2 0.8036458333333333 0.6333333333333333 0.052083333333333336 0.16666666666666669
2 0.9114583333333334 0.5986111111111111 0.040625 0.1287037037037037
2 0.24166666666666667 0.7328703703703704 0.09166666666666666 0.2212962962962963
2 0.17109375 0.7023148148148148 0.0828125 0.20277777777777778
1 0.19270833333333334 0.650462962962963 0.019791666666666666 0.05092592592592593
1 0.24270833333333333 0.6365740740740741 0.025 0.03425925925925926
0 0.571875 0.5939814814814816 0.016666666666666666 0.03796296296296296
0 0.5864583333333333 0.5921296296296297 0.013541666666666667 0.04722222222222222
1 0.8028645833333333 0.576388888888889 0.027604166666666666 0.03796296296296296
0 0.9127604166666666 0.5523148148148148 0.018229166666666668 0.03425925925925926
