2 0.4817708333333333 0.5259259259259259 0.09270833333333334 0.17407407407407408
2 0.8802083333333334 0.48842592592592593 0.09270833333333334 0.2064814814814815
2 0.37994791666666666 0.725462962962963 0.1859375 0.4101851851851852
2 0.26848958333333334 0.6601851851851852 0.12135416666666667 0.3277777777777778
0 0.26666666666666666 0.5597222222222222 0.040625 0.06018518518518519
0 0.3442708333333333 0.5791666666666667 0.036458333333333336 0.06759259259259259
0 0.4934895833333333 0.4703703703703704 0.027604166666666666 0.03518518518518519
0 0.8880208333333334 0.44074074074074077 0.019791666666666666 0.05
2 0.9440104166666666 0.5694444444444444 0.11197916666666667 0.20925925925925926
1 0.9479166666666666 0.49444444444444446 0.035416666666666666 0.06851851851851852
1 0.9138020833333333 0.5046296296296297 0.0265625 0.061111111111111116
0 0.9390625 0.625462962962963 0.04791666666666666 0.10648148148148148
