0 0.7315104166666666 0.5930555555555556 0.049479166666666664 0.09166666666666667
1 0.8820312499999999 0.6722222222222223 0.050520833333333334 0.11296296296296297
1 0.4427083333333333 0.6212962962962963 0.028125 0.06481481481481481
1 0.4145833333333333 0.6180555555555556 0.022916666666666665 0.05277777777777778
1 0.3966145833333333 0.6069444444444445 0.022395833333333334 0.0638888888888889
1 0.24817708333333333 0.6226851851851852 0.0265625 0.07314814814814816
0 0.21171874999999998 0.6069444444444445 0.030729166666666665 0.06944444444444445
0 0.034895833333333334 0.5837962962962964 0.019791666666666666 0.04537037037037037
2 0.040364583333333336 0.6546296296296297 0.0765625 0.20555555555555557
2 0.26458333333333334 0.7083333333333334 0.15625 0.3074074074074074
2 0.45078124999999997 0.7319444444444445 0.1734375 0.39351851851851855
2 0.7229166666666667 0.7319444444444445 0.1875 0.46944444444444444
2 0.896875 0.7921296296296296 0.20625 0.41574074074074074
