2 0.4653645833333333 0.6462962962962964 0.10885416666666667 0.29074074074074074
2 0.37135416666666665 0.5893518518518519 0.05 0.1787037037037037
2 0.3104166666666667 0.5819444444444445 0.040625 0.17685185185185187
2 0.26848958333333334 0.5449074074074074 0.034895833333333334 0.14166666666666666
2 0.21484375 0.5481481481481482 0.03177083333333333 0.13518518518518519
2 0.18229166666666666 0.5319444444444444 0.025 0.10462962962962963
2 0.15234375 0.5162037037037037 0.0296875 0.10648148148148148
2 0.11119791666666666 0.5231481481481481 0.0296875 0.08703703703703704
0 0.46796875 0.5351851851851852 0.0265625 0.0462962962962963
0 0.3734375 0.5273148148148148 0.021875 0.032407407407407406
0 0.3065104166666667 0.5106481481481482 0.01614583333333333 0.028703703703703703
0 0.2760416666666667 0.4939814814814815 0.010416666666666666 0.021296296296296296
0 0.2674479166666667 0.4981481481481482 0.0109375 0.022222222222222223
0 0.21614583333333334 0.4990740740740741 0.014583333333333334 0.02777777777777778
0 0.18359375 0.4935185185185185 0.009895833333333333 0.022222222222222223
0 0.1546875 0.48842592592592593 0.009375 0.017592592592592594
0 0.109375 0.48842592592592593 0.009375 0.019444444444444445
