2 0.9354166666666667 0.6972222222222223 0.1125 0.35370370370370374
2 0.81796875 0.650462962962963 0.12343749999999999 0.27870370370370373
2 0.721875 0.6967592592592593 0.10833333333333334 0.3416666666666667
2 0.6528645833333333 0.6078703703703704 0.0828125 0.19907407407407407
2 0.54375 0.6342592592592593 0.10520833333333333 0.2851851851851852
2 0.3229166666666667 0.5750000000000001 0.059375 0.17407407407407408
2 0.22317708333333333 0.5333333333333333 0.04010416666666666 0.11111111111111112
2 0.1046875 0.524537037037037 0.03958333333333333 0.10833333333333334
0 0.9408854166666667 0.5782407407407407 0.030729166666666665 0.0638888888888889
0 0.8497395833333333 0.5560185185185186 0.024479166666666666 0.06018518518518519
0 0.821875 0.5583333333333333 0.03125 0.06296296296296297
0 0.71484375 0.5606481481481481 0.033854166666666664 0.0638888888888889
0 0.6697916666666667 0.5476851851851852 0.019791666666666666 0.04351851851851852
0 0.6528645833333333 0.5486111111111112 0.024479166666666666 0.049074074074074076
0 0.5690104166666666 0.5462962962962963 0.0328125 0.05740740740740741
0 0.5440104166666666 0.5398148148148149 0.021354166666666667 0.0462962962962963
0 0.32526041666666666 0.5083333333333333 0.021354166666666667 0.040740740740740744
0 0.22578125 0.4916666666666667 0.021354166666666667 0.024074074074074074
0 0.10520833333333333 0.4851851851851852 0.0125 0.022222222222222223
