2 0.7091145833333333 0.6518518518518519 0.21197916666666666 0.5185185185185185
2 0.7919270833333333 0.49768518518518523 0.1265625 0.30648148148148147
2 0.94140625 0.5351851851851852 0.10989583333333333 0.30185185185185187
2 0.5734375 0.46481481481481485 0.09166666666666666 0.22037037037037038
2 0.49895833333333334 0.649537037037037 0.19270833333333334 0.5324074074074074
2 0.3807291666666667 0.5893518518518519 0.11145833333333333 0.4101851851851852
2 0.3265625 0.5101851851851852 0.071875 0.3277777777777778
2 0.19791666666666666 0.6888888888888889 0.11458333333333333 0.4425925925925926
2 0.16380208333333332 0.45833333333333337 0.07135416666666666 0.18333333333333335
2 0.09244791666666667 0.5212962962962964 0.06302083333333333 0.2796296296296296
1 0.18333333333333332 0.5277777777777778 0.03854166666666667 0.08888888888888889
1 0.821875 0.41203703703703703 0.020833333333333332 0.044444444444444446
1 0.79921875 0.4189814814814815 0.018229166666666668 0.04537037037037037
1 0.9588541666666667 0.44074074074074077 0.027083333333333334 0.053703703703703705
1 0.7763020833333333 0.41203703703703703 0.024479166666666666 0.053703703703703705
0 0.6911458333333333 0.4564814814814815 0.04583333333333333 0.08703703703703704
0 0.5614583333333333 0.38703703703703707 0.020833333333333332 0.03888888888888889
0 0.5458333333333333 0.3842592592592593 0.015625 0.040740740740740744
0 0.5177083333333333 0.5013888888888889 0.05625 0.11388888888888889
0 0.37005208333333334 0.4430555555555556 0.0328125 0.07314814814814816
0 0.3247395833333333 0.4185185185185185 0.0234375 0.06296296296296297
0 0.15963541666666667 0.39722222222222225 0.021354166666666667 0.044444444444444446
0 0.08880208333333334 0.41481481481481486 0.025520833333333333 0.05
