2 0.8138020833333334 0.6856481481481482 0.2838541666666667 0.5564814814814815
2 0.7127604166666667 0.43472222222222223 0.09635416666666667 0.19907407407407407
2 0.50703125 0.4615740740740741 0.10364583333333333 0.24537037037037038
2 0.46249999999999997 0.5703703703703704 0.13541666666666666 0.35000000000000003
2 0.371875 0.6185185185185186 0.16979166666666667 0.40925925925925927
2 0.19010416666666666 0.525 0.16458333333333333 0.32592592592592595
0 0.7846354166666667 0.4898148148148148 0.05677083333333333 0.1
0 0.7440104166666667 0.3939814814814815 0.018229166666666668 0.03796296296296296
0 0.7263020833333333 0.3912037037037037 0.01614583333333333 0.03796296296296296
0 0.49505208333333334 0.39583333333333337 0.030729166666666665 0.0638888888888889
0 0.4309895833333333 0.4412037037037037 0.03697916666666667 0.0787037037037037
0 0.34375 0.4851851851851852 0.040625 0.08703703703703704
1 0.165625 0.4412037037037037 0.019791666666666666 0.05092592592592593
1 0.15260416666666665 0.4203703703703704 0.016666666666666666 0.0462962962962963
