2 0.8195312499999999 0.6902777777777778 0.22864583333333333 0.5064814814814815
0 0.7895833333333333 0.4930555555555556 0.05416666666666667 0.08981481481481482
0 0.7515625 0.4671296296296297 0.04375 0.06759259259259259
2 0.3846354166666667 0.6430555555555556 0.22447916666666667 0.45462962962962966
2 0.25729166666666664 0.5671296296296297 0.13229166666666667 0.31203703703703706
2 0.05677083333333333 0.5592592592592592 0.103125 0.2925925925925926
2 0.11588541666666667 0.5282407407407408 0.10572916666666667 0.2953703703703704
0 0.03333333333333333 0.45231481481481484 0.03229166666666666 0.07314814814814816
0 0.08046875 0.4310185185185185 0.0296875 0.058333333333333334
0 0.26276041666666666 0.46851851851851856 0.0328125 0.07037037037037037
0 0.35182291666666665 0.4939814814814815 0.04114583333333333 0.10462962962962963
2 0.18619791666666666 0.4476851851851852 0.08802083333333333 0.17500000000000002
0 0.20416666666666666 0.3800925925925926 0.026041666666666668 0.04351851851851852
0 0.18645833333333334 0.3800925925925926 0.022916666666666665 0.036111111111111115
