2 0.853125 0.700925925925926 0.15416666666666667 0.3611111111111111
2 0.6885416666666666 0.825462962962963 0.253125 0.3490740740740741
2 0.49322916666666666 0.7416666666666667 0.1875 0.31666666666666665
2 0.42552083333333335 0.7819444444444444 0.22083333333333333 0.3675925925925926
0 0.8489583333333334 0.5810185185185185 0.041666666666666664 0.075
1 0.6596354166666667 0.7212962962962963 0.050520833333333334 0.12407407407407407
1 0.4661458333333333 0.6300925925925926 0.026041666666666668 0.062037037037037036
1 0.428125 0.6157407407407408 0.034375 0.07037037037037037
0 0.3893229166666667 0.638888888888889 0.033854166666666664 0.07407407407407407
0 0.359375 0.6347222222222223 0.034375 0.06574074074074074
2 0.13463541666666667 0.6106481481481482 0.06197916666666667 0.13611111111111113
0 0.14557291666666666 0.5689814814814815 0.013020833333333334 0.021296296296296296
1 0.13645833333333332 0.5736111111111112 0.011458333333333333 0.015740740740740743
