2 0.80234375 0.4337962962962963 0.05364583333333333 0.19722222222222224
2 0.9541666666666666 0.4365740740740741 0.05520833333333333 0.18981481481481483
2 0.9192708333333334 0.7611111111111112 0.13541666666666666 0.46851851851851856
2 0.6752604166666667 0.7703703703703704 0.1671875 0.42592592592592593
2 0.728125 0.576388888888889 0.10416666666666667 0.33240740740740743
2 0.50859375 0.5972222222222222 0.12135416666666667 0.35555555555555557
2 0.22239583333333332 0.5143518518518518 0.10104166666666667 0.2601851851851852
1 0.22343749999999998 0.4138888888888889 0.022916666666666665 0.0462962962962963
1 0.5052083333333334 0.46064814814814814 0.041666666666666664 0.06018518518518519
1 0.7244791666666667 0.47175925925925927 0.0375 0.09537037037037037
1 0.6778645833333333 0.6268518518518519 0.0515625 0.12222222222222223
0 0.9562499999999999 0.3740740740740741 0.022916666666666665 0.05
0 0.7973958333333333 0.3662037037037037 0.027083333333333334 0.03425925925925926
1 0.92578125 0.5884259259259259 0.0734375 0.11388888888888889
