2 0.31354166666666666 0.5657407407407408 0.058333333333333334 0.17962962962962964
2 0.45651041666666664 0.5777777777777778 0.04010416666666666 0.16111111111111112
2 0.6580729166666667 0.6328703703703704 0.09739583333333333 0.23796296296296296
2 0.7661458333333333 0.6986111111111112 0.14166666666666666 0.36203703703703705
2 0.90390625 0.688425925925926 0.1328125 0.36574074074074076
2 0.5192708333333333 0.6291666666666667 0.096875 0.30462962962962964
0 0.6606770833333333 0.5486111111111112 0.0171875 0.049074074074074076
0 0.6846354166666666 0.5513888888888889 0.01614583333333333 0.04351851851851852
0 0.775 0.5685185185185185 0.026041666666666668 0.05
0 0.80234375 0.587962962962963 0.024479166666666666 0.061111111111111116
0 0.8963541666666667 0.5708333333333333 0.034375 0.05462962962962963
0 0.9263020833333333 0.5592592592592592 0.030729166666666665 0.07407407407407407
0 0.31927083333333334 0.49722222222222223 0.011458333333333333 0.02777777777777778
0 0.31015625 0.5018518518518519 0.025520833333333333 0.037037037037037035
0 0.4588541666666667 0.5240740740740741 0.01875 0.037037037037037035
