2 0.4296875 0.6490740740740741 0.06666666666666667 0.21666666666666667
2 0.20572916666666666 0.8023148148148148 0.159375 0.3490740740740741
2 0.6674479166666667 0.6356481481481482 0.06302083333333333 0.18425925925925926
2 0.8713541666666667 0.6916666666666667 0.08854166666666667 0.23148148148148148
2 0.9471354166666667 0.6481481481481481 0.0609375 0.23148148148148148
0 0.9489583333333333 0.5939814814814816 0.027083333333333334 0.049074074074074076
0 0.8802083333333334 0.6222222222222222 0.017708333333333333 0.0462962962962963
0 0.8658854166666666 0.6166666666666667 0.018229166666666668 0.04259259259259259
0 0.6666666666666666 0.5777777777777778 0.015625 0.03518518518518519
0 0.43359375 0.5824074074074075 0.0234375 0.03888888888888889
0 0.19505208333333332 0.6805555555555556 0.03802083333333333 0.07777777777777778
