2 0.79609375 0.7958333333333334 0.27447916666666666 0.3990740740740741
2 0.3653645833333333 0.8222222222222223 0.19114583333333332 0.35555555555555557
2 0.21796875 0.6916666666666667 0.12552083333333333 0.2833333333333333
2 0.05520833333333333 0.7555555555555555 0.10625 0.28703703703703703
0 0.027083333333333334 0.6546296296296297 0.03229166666666666 0.06666666666666667
0 0.20677083333333332 0.6171296296296297 0.02395833333333333 0.06018518518518519
0 0.18125 0.6175925925925926 0.026041666666666668 0.04814814814814815
0 0.33932291666666664 0.7074074074074075 0.03802083333333333 0.0925925925925926
0 0.2973958333333333 0.6981481481481482 0.0375 0.08518518518518518
0 0.77578125 0.6597222222222222 0.0484375 0.09907407407407408
2 0.42473958333333334 0.7662037037037037 0.18385416666666665 0.36388888888888893
0 0.3692708333333333 0.6615740740740741 0.046875 0.06944444444444445
0 0.34479166666666666 0.625 0.025 0.06666666666666667
