2 0.71875 0.7407407407407408 0.159375 0.34074074074074073
2 0.08984375 0.576388888888889 0.059895833333333336 0.16574074074074074
2 0.13098958333333333 0.837962962962963 0.16510416666666666 0.32407407407407407
2 0.17838541666666666 0.5726851851851852 0.06197916666666667 0.17314814814814816
1 0.75390625 0.6513888888888889 0.027604166666666666 0.04351851851851852
1 0.7255208333333333 0.6523148148148148 0.022916666666666665 0.06018518518518519
0 0.11380208333333333 0.7430555555555556 0.044270833333333336 0.08055555555555556
0 0.09088541666666666 0.5277777777777778 0.0140625 0.02592592592592593
0 0.10546875 0.524537037037037 0.0140625 0.028703703703703703
0 0.18567708333333333 0.5277777777777778 0.015104166666666667 0.024074074074074074
0 0.17473958333333334 0.5319444444444444 0.011979166666666666 0.026851851851851852
