2 0.8028645833333333 0.8287037037037037 0.23802083333333332 0.3092592592592593
2 0.75234375 0.6606481481481482 0.2015625 0.2972222222222222
2 0.6067708333333334 0.5953703703703704 0.07291666666666667 0.17407407407407408
2 0.9700520833333334 0.5930555555555556 0.059895833333333336 0.19722222222222224
2 0.26796875 0.6671296296296296 0.1265625 0.22870370370370371
2 0.1546875 0.8365740740740741 0.21562499999999998 0.32685185185185184
0 0.08125 0.7314814814814815 0.04479166666666667 0.08703703703703704
0 0.15052083333333333 0.7296296296296296 0.051041666666666666 0.09074074074074075
0 0.6872395833333333 0.5773148148148148 0.024479166666666666 0.0638888888888889
0 0.7390625 0.6037037037037037 0.040625 0.08148148148148149
0 0.7520833333333333 0.6990740740740741 0.05416666666666667 0.10370370370370371
0 0.61484375 0.5402777777777777 0.01614583333333333 0.04166666666666667
0 0.7049479166666667 0.6310185185185185 0.027604166666666666 0.05462962962962963
1 0.9674479166666666 0.5222222222222223 0.0203125 0.04259259259259259
1 0.23645833333333333 0.5930555555555556 0.014583333333333334 0.03796296296296296
0 0.2505208333333333 0.600462962962963 0.016666666666666666 0.03796296296296296
