2 0.46510416666666665 0.7513888888888889 0.13854166666666667 0.47500000000000003
2 0.6765625 0.5893518518518519 0.078125 0.23240740740740742
0 0.6893229166666667 0.5055555555555555 0.0171875 0.0462962962962963
0 0.6729166666666666 0.49583333333333335 0.016666666666666666 0.03796296296296296
0 0.45208333333333334 0.5736111111111112 0.029166666666666667 0.07685185185185185
1 0.46067708333333335 0.6365740740740741 0.021354166666666667 0.05277777777777778
1 0.43255208333333334 0.5541666666666667 0.030729166666666665 0.05462962962962963
0 0.31875 0.45972222222222225 0.011458333333333333 0.02314814814814815
2 0.31875 0.4953703703703704 0.046875 0.11851851851851852
2 0.07447916666666667 0.5273148148148148 0.052083333333333336 0.15462962962962964
1 0.07369791666666667 0.4703703703703704 0.019270833333333334 0.031481481481481485
