2 0.5257352941176471 0.6754966887417219 0.08088235294117647 0.2869757174392936
2 0.5522058823529412 0.5286975717439294 0.0661764705882353 0.2097130242825607
2 0.5779411764705882 0.4282560706401766 0.061764705882352944 0.15011037527593818
2 0.5580882352941177 0.33002207505518766 0.054411764705882354 0.1346578366445916
2 0.5044117647058823 0.08609271523178808 0.047058823529411764 0.10596026490066225
1 0.5102941176470588 0.05518763796909492 0.014705882352941176 0.02207505518763797
1 0.524264705882353 0.5673289183222958 0.022058823529411763 0.039735099337748346
1 0.5764705882352941 0.3708609271523179 0.020588235294117647 0.039735099337748346
0 0.5573529411764706 0.293598233995585 0.020588235294117647 0.030905077262693155
0 0.5536764705882353 0.46467991169977924 0.025 0.0640176600441501
