2 0.8046875 0.5921875 0.115625 0.534375
2 0.63828125 0.6125 0.15781250000000002 0.7250000000000001
2 0.51796875 0.5750000000000001 0.1046875 0.5375
2 0.41250000000000003 0.578125 0.08125 0.49375
2 0.33437500000000003 0.5265625 0.065625 0.328125
2 0.22187500000000002 0.5953125 0.10625000000000001 0.496875
0 0.2234375 0.40468750000000003 0.053125000000000006 0.115625
0 0.33437500000000003 0.42031250000000003 0.025 0.07187500000000001
0 0.41875 0.42031250000000003 0.037500000000000006 0.10312500000000001
0 0.38906250000000003 0.4296875 0.028125 0.078125
0 0.52578125 0.3953125 0.0484375 0.115625
0 0.6375000000000001 0.35781250000000003 0.0625 0.146875
0 0.8054687500000001 0.4109375 0.0484375 0.109375
