2 0.72890625 0.700925925925926 0.09947916666666666 0.35000000000000003
2 0.8937499999999999 0.7074074074074075 0.15416666666666667 0.3703703703703704
2 0.7966145833333333 0.6601851851851852 0.07864583333333333 0.2574074074074074
2 0.6395833333333333 0.612037037037037 0.103125 0.2574074074074074
0 0.8781249999999999 0.5745370370370371 0.04791666666666666 0.06944444444444445
0 0.8065104166666667 0.5652777777777778 0.0328125 0.05648148148148149
0 0.72578125 0.5796296296296296 0.03802083333333333 0.07407407407407407
0 0.66484375 0.5453703703703704 0.0234375 0.05
0 0.6502604166666667 0.5324074074074074 0.0171875 0.05185185185185186
2 0.17916666666666667 0.5435185185185185 0.053125 0.14444444444444446
0 0.18229166666666666 0.4902777777777778 0.025 0.025
