2 0.9497395833333333 0.6708333333333334 0.10052083333333334 0.3768518518518519
2 0.72578125 0.7592592592592593 0.26510416666666664 0.4314814814814815
2 0.41875 0.7203703703703704 0.146875 0.34814814814814815
0 0.6955729166666667 0.6162037037037037 0.0328125 0.075
0 0.6575520833333334 0.6592592592592593 0.0234375 0.05185185185185186
0 0.6315104166666666 0.6055555555555556 0.044270833333333336 0.07962962962962963
0 0.4036458333333333 0.6143518518518519 0.028125 0.07314814814814816
0 0.3731770833333333 0.6018518518518519 0.027604166666666666 0.05740740740740741
1 0.7208333333333333 0.675 0.027083333333333334 0.06481481481481481
1 0.9828125 0.5532407407407408 0.034375 0.07314814814814816
