0 0.8743055555555556 0.4114583333333333 0.04861111111111111 0.08541666666666667
0 0.6243055555555556 0.3989583333333333 0.04861111111111111 0.07708333333333334
0 0.43472222222222223 0.390625 0.036111111111111115 0.09375
0 0.4729166666666667 0.3958333333333333 0.043055555555555555 0.075
0 0.3138888888888889 0.4010416666666667 0.04722222222222222 0.08125
0 0.1513888888888889 0.384375 0.04722222222222222 0.08958333333333333
2 0.11319444444444444 0.4927083333333333 0.17083333333333334 0.42291666666666666
2 0.2916666666666667 0.5385416666666667 0.2 0.40625
2 0.43333333333333335 0.53125 0.14722222222222223 0.43333333333333335
2 0.6277777777777778 0.5114583333333333 0.17222222222222222 0.40208333333333335
2 0.851388888888889 0.55 0.21944444444444444 0.4875
0 0.9145833333333334 0.3833333333333333 0.04583333333333334 0.07083333333333333
