2 0.9041666666666667 0.7962962962962963 0.19166666666666665 0.3851851851851852
2 0.7158854166666666 0.800462962962963 0.24947916666666667 0.3990740740740741
2 0.140625 0.7712962962962964 0.175 0.34444444444444444
2 0.18411458333333333 0.6148148148148148 0.0765625 0.17592592592592593
2 0.24088541666666666 0.6097222222222223 0.0671875 0.14537037037037037
0 0.23385416666666667 0.5736111111111112 0.019791666666666666 0.03796296296296296
0 0.18880208333333334 0.5745370370370371 0.018229166666666668 0.04351851851851852
0 0.12395833333333334 0.65 0.03125 0.07037037037037037
0 0.69921875 0.7000000000000001 0.0421875 0.12222222222222223
0 0.6630208333333333 0.6828703703703703 0.04583333333333333 0.08055555555555556
0 0.8591145833333333 0.6564814814814816 0.044270833333333336 0.08703703703703704
0 0.9182291666666667 0.6680555555555556 0.04375 0.08611111111111111
