2 0.6174479166666667 0.7865740740740741 0.2598958333333333 0.3990740740740741
2 0.4596354166666667 0.625925925925926 0.1296875 0.2962962962962963
2 0.3528645833333333 0.6726851851851852 0.1515625 0.34351851851851856
2 0.15729166666666666 0.725925925925926 0.14375 0.3703703703703704
2 0.19296875 0.6356481481481482 0.1015625 0.27685185185185185
2 0.23515624999999998 0.5824074074074075 0.07552083333333333 0.22962962962962963
0 0.228125 0.5 0.026041666666666668 0.040740740740740744
0 0.16067708333333333 0.5375 0.019270833333333334 0.05648148148148149
0 0.13697916666666665 0.5912037037037037 0.046875 0.07314814814814816
0 0.3502604166666667 0.5574074074074075 0.033854166666666664 0.07592592592592592
0 0.46041666666666664 0.5606481481481481 0.034375 0.0638888888888889
0 0.428125 0.5453703703703704 0.027083333333333334 0.04259259259259259
0 0.5346354166666667 0.6708333333333334 0.0390625 0.10462962962962963
0 0.5997395833333333 0.6402777777777778 0.05572916666666666 0.11388888888888889
