1 0.10026041666666667 0.4310185185185185 0.0234375 0.04537037037037037
1 0.6971354166666667 0.4351851851851852 0.019270833333333334 0.04259259259259259
1 0.6815104166666667 0.46111111111111114 0.01614583333333333 0.03333333333333333
1 0.6671875 0.41064814814814815 0.021875 0.03981481481481482
0 0.3098958333333333 0.3824074074074074 0.01875 0.031481481481481485
2 0.2947916666666667 0.46342592592592596 0.06041666666666667 0.2101851851851852
0 0.33125 0.3791666666666667 0.016666666666666666 0.03425925925925926
2 0.3380208333333333 0.42962962962962964 0.040625 0.15925925925925927
2 0.6723958333333333 0.5115740740740741 0.10208333333333333 0.2675925925925926
2 0.10963541666666667 0.5421296296296296 0.09114583333333333 0.2935185185185185
