2 0.5979166666666667 0.4675925925925926 0.09479166666666666 0.26666666666666666
2 0.4791666666666667 0.44074074074074077 0.065625 0.21666666666666667
2 0.41328125 0.4273148148148148 0.06302083333333333 0.18981481481481483
2 0.3265625 0.4226851851851852 0.05520833333333333 0.19907407407407407
0 0.4158854166666667 0.36944444444444446 0.019270833333333334 0.02962962962962963
0 0.490625 0.36435185185185187 0.021875 0.03425925925925926
0 0.46796875 0.3685185185185185 0.0171875 0.03333333333333333
0 0.6002604166666666 0.3768518518518519 0.027604166666666666 0.04259259259259259
0 0.33671875 0.3564814814814815 0.015104166666666667 0.037037037037037035
0 0.32317708333333334 0.35370370370370374 0.01614583333333333 0.03333333333333333
