2 0.6481770833333333 0.6 0.09947916666666666 0.2111111111111111
2 0.8817708333333333 0.8050925925925926 0.23124999999999998 0.38981481481481484
2 0.5671875 0.788888888888889 0.2760416666666667 0.4222222222222222
0 0.9223958333333333 0.7356481481481482 0.052083333333333336 0.10648148148148148
0 0.88046875 0.7291666666666667 0.04114583333333333 0.11574074074074074
0 0.8109375 0.7240740740740741 0.04895833333333333 0.12407407407407407
0 0.5403645833333334 0.6574074074074074 0.044270833333333336 0.08518518518518518
0 0.4984375 0.6532407407407408 0.040625 0.08611111111111111
0 0.6630208333333333 0.5439814814814815 0.014583333333333334 0.030555555555555558
0 0.6471354166666666 0.5444444444444445 0.01614583333333333 0.031481481481481485
