2 0.6263888888888889 0.6631259484066768 0.16018518518518518 0.4279210925644917
2 0.6361111111111112 0.38088012139605465 0.04259259259259259 0.19726858877086495
2 0.6893518518518519 0.3619119878603945 0.04351851851851852 0.1836115326251897
2 0.5833333333333334 0.3626707132018209 0.04259259259259259 0.16995447647951442
2 0.5393518518518519 0.3657056145675266 0.04166666666666667 0.19423368740515934
2 0.4828703703703704 0.3550834597875569 0.036111111111111115 0.1669195751138088
2 0.4314814814814815 0.37708649468892264 0.04814814814814815 0.1836115326251897
2 0.3648148148148148 0.38239757207890746 0.05925925925925926 0.17298937784522003
1 0.6337962962962963 0.5189681335356601 0.04351851851851852 0.06676783004552353
1 0.36388888888888893 0.31942336874051597 0.022222222222222223 0.03490136570561457
1 0.48935185185185187 0.30500758725341426 0.01388888888888889 0.033383915022761765
1 0.538425925925926 0.30500758725341426 0.017592592592592594 0.033383915022761765
1 0.5736111111111112 0.30500758725341426 0.017592592592592594 0.036418816388467376
1 0.6365740740740741 0.31638846737481036 0.017592592592592594 0.0409711684370258
1 0.687962962962963 0.30576631259484066 0.014814814814814815 0.03186646433990895
0 0.4310185185185185 0.3156297420333839 0.02314814814814815 0.042488619119878605
