2 0.6674418604651162 0.4083769633507853 0.11162790697674418 0.3525305410122164
2 0.463953488372093 0.3542757417102967 0.2186046511627907 0.4467713787085515
2 0.4819767441860465 0.7827225130890052 0.20348837209302326 0.35776614310645727
2 0.29127906976744183 0.818499127399651 0.19883720930232557 0.3036649214659686
2 0.10523255813953489 0.6239092495636999 0.20348837209302326 0.3682373472949389
1 0.07906976744186046 0.5445026178010471 0.05581395348837209 0.06980802792321117
1 0.05290697674418605 0.6256544502617801 0.03837209302325581 0.06806282722513089
1 0.24651162790697673 0.7670157068062827 0.044186046511627906 0.08202443280977313
1 0.47848837209302325 0.7321116928446771 0.03604651162790698 0.07155322862129145
1 0.6680232558139535 0.30715532286212915 0.03837209302325581 0.06980802792321117
1 0.4686046511627907 0.2835951134380454 0.03953488372093023 0.0506108202443281
