2 0.8690104166666667 0.7375 0.1609375 0.35833333333333334
2 0.96484375 0.5953703703703704 0.0703125 0.19074074074074074
2 0.73203125 0.775462962962963 0.20364583333333333 0.4046296296296297
2 0.64609375 0.8046296296296297 0.19947916666666665 0.3703703703703704
2 0.4661458333333333 0.7268518518518519 0.16666666666666666 0.35555555555555557
2 0.13723958333333333 0.8393518518518519 0.16614583333333333 0.3212962962962963
2 0.0734375 0.75 0.09895833333333333 0.29814814814814816
0 0.049479166666666664 0.6657407407407407 0.029166666666666667 0.05185185185185186
0 0.0859375 0.6657407407407407 0.028125 0.06666666666666667
0 0.12447916666666667 0.700925925925926 0.03854166666666667 0.08518518518518518
0 0.4471354166666667 0.6305555555555555 0.0328125 0.07592592592592592
0 0.5955729166666667 0.6708333333333334 0.04739583333333333 0.08055555555555556
0 0.69609375 0.6416666666666667 0.027604166666666666 0.07592592592592592
0 0.8158854166666667 0.6171296296296297 0.0390625 0.08425925925925926
0 0.9822916666666667 0.5412037037037037 0.019791666666666666 0.04351851851851852
1 0.6635416666666667 0.6796296296296297 0.016666666666666666 0.05185185185185186
1 0.6447916666666667 0.6481481481481481 0.027083333333333334 0.05740740740740741
