2 0.30494791666666665 0.7949074074074074 0.1953125 0.375
2 0.04140625 0.7449074074074075 0.07864583333333333 0.28611111111111115
2 0.6322916666666667 0.611574074074074 0.10416666666666667 0.19907407407407407
2 0.5544270833333333 0.5851851851851853 0.0515625 0.19444444444444445
0 0.6494791666666666 0.5439814814814815 0.016666666666666666 0.030555555555555558
0 0.6270833333333333 0.5402777777777777 0.019791666666666666 0.03425925925925926
0 0.6010416666666667 0.5430555555555556 0.015625 0.03425925925925926
0 0.57265625 0.55 0.015104166666666667 0.03333333333333333
1 0.5875 0.5550925925925926 0.010416666666666666 0.030555555555555558
0 0.2955729166666667 0.6685185185185185 0.028645833333333332 0.07407407407407407
1 0.27369791666666665 0.6583333333333333 0.025520833333333333 0.06851851851851852
0 0.015625 0.6421296296296296 0.027083333333333334 0.05648148148148149
