0 0.6433333333333334 0.13111111111111112 0.1 0.18666666666666668
0 0.4166666666666667 0.14222222222222222 0.10333333333333335 0.18666666666666668
0 0.30833333333333335 0.1711111111111111 0.15333333333333335 0.22666666666666666
0 0.15333333333333335 0.23333333333333334 0.11 0.16
0 0.07416666666666667 0.2288888888888889 0.09166666666666667 0.15555555555555556
2 0.09916666666666667 0.5288888888888889 0.18500000000000003 0.84
2 0.35000000000000003 0.5111111111111111 0.31 0.9777777777777777
2 0.655 0.46555555555555556 0.2566666666666667 0.9133333333333333
0 0.9658333333333334 0.15777777777777777 0.06833333333333334 0.1288888888888889
2 0.9475 0.37555555555555553 0.10500000000000001 0.6355555555555555
