2 0.5950520833333334 0.6583333333333333 0.10364583333333333 0.29444444444444445
2 0.4375 0.6291666666666667 0.06354166666666666 0.23981481481481481
2 0.37994791666666666 0.5782407407407407 0.050520833333333334 0.18796296296296297
2 0.33489583333333334 0.5800925925925926 0.057291666666666664 0.18055555555555555
2 0.27760416666666665 0.549074074074074 0.04479166666666667 0.14814814814814814
2 0.21328125 0.5314814814814816 0.0390625 0.12037037037037038
2 0.184375 0.537962962962963 0.04479166666666667 0.14444444444444446
2 0.13151041666666666 0.5287037037037037 0.03177083333333333 0.12037037037037038
2 0.15572916666666667 0.5333333333333333 0.028125 0.11111111111111112
2 0.09947916666666666 0.5171296296296296 0.03125 0.11018518518518519
0 0.10208333333333333 0.4847222222222222 0.013541666666666667 0.019444444444444445
0 0.13489583333333333 0.49074074074074076 0.010416666666666666 0.020370370370370372
0 0.1546875 0.4935185185185185 0.0125 0.022222222222222223
0 0.18854166666666666 0.49259259259259264 0.010416666666666666 0.022222222222222223
0 0.18177083333333333 0.48935185185185187 0.009375 0.02314814814814815
0 0.21588541666666666 0.4935185185185185 0.009895833333333333 0.020370370370370372
0 0.2856770833333333 0.5055555555555555 0.013020833333333334 0.02777777777777778
0 0.33828125 0.5157407407407407 0.0203125 0.04259259259259259
0 0.3927083333333333 0.5083333333333333 0.016666666666666666 0.03518518518518519
0 0.37994791666666666 0.512962962962963 0.015104166666666667 0.037037037037037035
0 0.44427083333333334 0.5416666666666667 0.02395833333333333 0.05740740740740741
