1 0.8411458333333334 0.45601851851851855 0.026041666666666668 0.08055555555555556
1 0.81875 0.4393518518518519 0.021875 0.0638888888888889
1 0.5109375 0.5768518518518518 0.05625 0.1537037037037037
0 0.5341145833333333 0.3805555555555556 0.027604166666666666 0.061111111111111116
0 0.5580729166666667 0.6092592592592593 0.06302083333333333 0.17407407407407408
0 0.24166666666666667 0.35462962962962963 0.022916666666666665 0.03518518518518519
0 0.12526041666666665 0.35462962962962963 0.015104166666666667 0.040740740740740744
2 0.12942708333333333 0.40601851851851856 0.06822916666666666 0.2101851851851852
2 0.24817708333333333 0.4236111111111111 0.06822916666666666 0.20092592592592592
2 0.5372395833333333 0.42453703703703705 0.09635416666666667 0.24166666666666667
2 0.5690104166666666 0.7351851851851852 0.2859375 0.5296296296296297
2 0.8549479166666667 0.5930555555555556 0.15260416666666665 0.41574074074074074
