2 0.3888020833333333 0.7541666666666667 0.1734375 0.31203703703703706
2 0.2708333333333333 0.7851851851851852 0.19479166666666667 0.35000000000000003
1 0.36484375 0.6333333333333333 0.03697916666666667 0.06296296296296297
1 0.3294270833333333 0.6541666666666667 0.03177083333333333 0.05462962962962963
1 0.24427083333333333 0.6486111111111111 0.03125 0.07314814814814816
1 0.20546875 0.6592592592592593 0.0390625 0.07407407407407407
2 0.8747395833333333 0.8180555555555555 0.24010416666666667 0.36388888888888893
0 0.7984375 0.7097222222222223 0.06875 0.1287037037037037
0 0.8934895833333333 0.7319444444444445 0.0703125 0.1212962962962963
2 0.9091145833333333 0.6791666666666667 0.18177083333333333 0.25462962962962965
0 0.9140625 0.638425925925926 0.052083333333333336 0.075
0 0.86484375 0.6240740740740741 0.0484375 0.07407407407407407
2 0.9424479166666666 0.6027777777777777 0.11510416666666666 0.16481481481481483
1 0.93125 0.5569444444444445 0.03125 0.06018518518518519
1 0.8994791666666666 0.5486111111111112 0.035416666666666666 0.049074074074074076
