0 0.40781249999999997 0.46574074074074073 0.013541666666666667 0.02962962962962963
0 0.5380208333333333 0.4726851851851852 0.013541666666666667 0.025
0 0.5252604166666667 0.4652777777777778 0.01614583333333333 0.028703703703703703
0 0.6385416666666667 0.49259259259259264 0.022916666666666665 0.05
0 0.6578125 0.49953703703703706 0.020833333333333332 0.03981481481481482
0 0.69140625 0.4935185185185185 0.021354166666666667 0.03518518518518519
0 0.5434895833333333 0.5916666666666667 0.04114583333333333 0.0962962962962963
2 0.41119791666666666 0.5199074074074074 0.05260416666666667 0.17314814814814816
2 0.5346354166666667 0.5236111111111111 0.08177083333333333 0.18611111111111112
2 0.6411458333333333 0.5837962962962964 0.08541666666666667 0.23611111111111113
2 0.7 0.5606481481481481 0.07291666666666667 0.21944444444444444
2 0.575 0.7689814814814815 0.17604166666666665 0.4620370370370371
