2 0.7580729166666667 0.6726851851851852 0.06510416666666667 0.19907407407407407
2 0.6197916666666666 0.8467592592592593 0.14479166666666665 0.30648148148148147
2 0.46380208333333334 0.7643518518518518 0.12239583333333333 0.32685185185185184
2 0.4067708333333333 0.6222222222222222 0.06041666666666667 0.1537037037037037
2 0.17291666666666666 0.5912037037037037 0.052083333333333336 0.14166666666666666
2 0.24713541666666666 0.7310185185185185 0.09947916666666666 0.2657407407407408
0 0.175 0.5342592592592593 0.013541666666666667 0.024074074074074074
0 0.22786458333333334 0.638888888888889 0.028645833333333332 0.05925925925925926
0 0.4083333333333333 0.5694444444444444 0.014583333333333334 0.02962962962962963
0 0.42135416666666664 0.5662037037037038 0.021875 0.028703703703703703
0 0.43697916666666664 0.6472222222222223 0.036458333333333336 0.06851851851851852
0 0.46796875 0.6523148148148148 0.03177083333333333 0.06759259259259259
0 0.58515625 0.7458333333333333 0.057812499999999996 0.11018518518518519
0 0.7549479166666666 0.6018518518518519 0.021354166666666667 0.040740740740740744
