2 0.8325 0.5201793721973094 0.24 0.905829596412556
2 0.52375 0.3834080717488789 0.1775 0.6412556053811659
2 0.31625000000000003 0.49551569506726456 0.23750000000000002 0.9461883408071748
2 0.1575 0.4461883408071749 0.23 0.7757847533632287
1 0.155 0.15246636771300448 0.075 0.15246636771300448
1 0.27875 0.1860986547085202 0.0625 0.20179372197309417
1 0.33375 0.11210762331838565 0.0775 0.17040358744394618
1 0.87375 0.2443946188340807 0.0625 0.13004484304932734
1 0.83875 0.1591928251121076 0.0675 0.16591928251121077
0 0.51625 0.17937219730941703 0.0625 0.12556053811659193
