2 0.13697916666666665 0.7546296296296297 0.15833333333333333 0.3314814814814815
2 0.7302083333333333 0.7282407407407407 0.11041666666666666 0.3287037037037037
2 0.8067708333333333 0.6157407407407408 0.06354166666666666 0.17962962962962964
2 0.65859375 0.6356481481481482 0.058854166666666666 0.1787037037037037
0 0.8117187499999999 0.5689814814814815 0.01614583333333333 0.03425925925925926
0 0.8018229166666666 0.5745370370370371 0.0140625 0.032407407407407406
0 0.7010416666666667 0.6069444444444445 0.026041666666666668 0.06018518518518519
0 0.7239583333333334 0.6101851851851852 0.020833333333333332 0.044444444444444446
1 0.6588541666666666 0.5851851851851853 0.0125 0.022222222222222223
1 0.6489583333333333 0.5884259259259259 0.009375 0.026851851851851852
1 0.6450520833333333 0.6092592592592593 0.011979166666666666 0.016666666666666666
1 0.6143229166666666 0.5995370370370371 0.009895833333333333 0.026851851851851852
2 0.6046875 0.6347222222222223 0.041666666666666664 0.15462962962962964
0 0.14713541666666666 0.6458333333333334 0.0296875 0.058333333333333334
