2 0.38307291666666665 0.7157407407407408 0.15989583333333332 0.3148148148148148
2 0.20416666666666666 0.813425925925926 0.21770833333333334 0.3731481481481482
2 0.86171875 0.5939814814814816 0.1015625 0.19907407407407407
2 0.7924479166666667 0.5768518518518518 0.0796875 0.17592592592592593
0 0.88046875 0.5240740740740741 0.0234375 0.037037037037037035
0 0.85625 0.5328703703703704 0.02395833333333333 0.049074074074074076
0 0.828125 0.5273148148148148 0.020833333333333332 0.04351851851851852
0 0.80703125 0.5347222222222222 0.027604166666666666 0.05092592592592593
0 0.371875 0.6064814814814815 0.03958333333333333 0.05740740740740741
0 0.34270833333333334 0.5990740740740741 0.035416666666666666 0.05185185185185186
0 0.18046875 0.6875 0.04114583333333333 0.08055555555555556
0 0.14739583333333334 0.6837962962962963 0.036458333333333336 0.08240740740740742
