2 0.6526041666666667 0.6328703703703704 0.10520833333333333 0.25462962962962965
2 0.53671875 0.6032407407407407 0.0796875 0.22314814814814815
2 0.4596354166666667 0.587962962962963 0.05260416666666667 0.18888888888888888
2 0.3572916666666667 0.5837962962962964 0.06145833333333333 0.18425925925925926
2 0.27838541666666666 0.5689814814814815 0.04010416666666666 0.1787037037037037
2 0.19140625 0.5342592592592593 0.0296875 0.11481481481481481
0 0.6403645833333333 0.5416666666666667 0.025520833333333333 0.05
0 0.5450520833333333 0.5319444444444444 0.015104166666666667 0.04537037037037037
0 0.47239583333333335 0.5148148148148148 0.014583333333333334 0.03518518518518519
0 0.45729166666666665 0.5166666666666667 0.01875 0.031481481481481485
0 0.3559895833333333 0.5148148148148148 0.01614583333333333 0.040740740740740744
0 0.18932291666666667 0.49212962962962964 0.0140625 0.021296296296296296
0 0.28671875 0.5087962962962963 0.0140625 0.026851851851851852
