2 0.90125 0.5607476635514018 0.1875 0.794392523364486
2 0.62125 0.6074766355140186 0.1825 0.7289719626168224
2 0.33375 0.5700934579439252 0.2125 0.7850467289719626
2 0.11 0.5490654205607476 0.20500000000000002 0.7616822429906541
2 0.70375 0.2757009345794392 0.1975 0.40186915887850466
2 0.52 0.2850467289719626 0.165 0.38317757009345793
1 0.91625 0.2827102803738318 0.0725 0.13551401869158877
1 0.73375 0.11214953271028036 0.0375 0.07476635514018691
1 0.61125 0.35280373831775697 0.0825 0.1822429906542056
1 0.33 0.2757009345794392 0.065 0.14018691588785046
1 0.08750000000000001 0.25934579439252337 0.065 0.13551401869158877
0 0.54 0.1425233644859813 0.045 0.07009345794392523
0 0.68625 0.14018691588785046 0.0425 0.08411214953271028
