2 0.6044270833333333 0.8083333333333333 0.24114583333333334 0.38333333333333336
2 0.6856770833333333 0.762962962962963 0.21197916666666666 0.4351851851851852
2 0.22604166666666667 0.8175925925925926 0.196875 0.3648148148148148
2 0.09973958333333333 0.7731481481481481 0.14635416666666667 0.32222222222222224
2 0.20494791666666667 0.6537037037037037 0.08697916666666666 0.20370370370370372
2 0.5294270833333333 0.5768518518518518 0.07447916666666667 0.15185185185185185
0 0.18098958333333334 0.5787037037037037 0.027604166666666666 0.040740740740740744
0 0.19765625 0.6680555555555556 0.04635416666666667 0.08611111111111111
0 0.15651041666666665 0.6726851851851852 0.0390625 0.06944444444444445
0 0.08880208333333334 0.6560185185185186 0.0296875 0.05648148148148149
0 0.06640625 0.6476851851851853 0.027604166666666666 0.058333333333333334
0 0.5666666666666667 0.6662037037037037 0.052083333333333336 0.08981481481481482
0 0.6013020833333333 0.5962962962962963 0.0484375 0.08333333333333334
0 0.6713541666666667 0.6305555555555555 0.036458333333333336 0.08703703703703704
1 0.6291666666666667 0.6800925925925926 0.022916666666666665 0.058333333333333334
1 0.5494791666666666 0.5486111111111112 0.013541666666666667 0.028703703703703703
0 0.5395833333333333 0.5476851851851852 0.0125 0.026851851851851852
