2 0.7177083333333333 0.5041666666666667 0.07916666666666666 0.15462962962962964
2 0.9119791666666667 0.4981481481481482 0.11666666666666667 0.24629629629629632
2 0.7598958333333333 0.7731481481481481 0.284375 0.4537037037037037
2 0.47265625 0.5537037037037037 0.12447916666666667 0.2240740740740741
2 0.17005208333333333 0.675 0.17552083333333332 0.3148148148148148
2 0.20494791666666667 0.5407407407407407 0.06614583333333333 0.1388888888888889
0 0.19921875 0.4916666666666667 0.025520833333333333 0.02962962962962963
0 0.14713541666666666 0.5578703703703703 0.0359375 0.06759259259259259
0 0.12291666666666666 0.5620370370370371 0.029166666666666667 0.053703703703703705
0 0.46171875 0.48703703703703705 0.027604166666666666 0.04814814814814815
0 0.48541666666666666 0.4810185185185185 0.017708333333333333 0.04351851851851852
0 0.6799479166666667 0.5787037037037037 0.05677083333333333 0.10925925925925926
0 0.71484375 0.4564814814814815 0.018229166666666668 0.03518518518518519
0 0.9291666666666667 0.43333333333333335 0.020833333333333332 0.03888888888888889
0 0.9111979166666666 0.4375 0.018229166666666668 0.032407407407407406
