2 0.7669270833333334 0.5120370370370371 0.09635416666666667 0.20925925925925926
2 0.9401041666666666 0.5435185185185185 0.11979166666666667 0.2777777777777778
2 0.5403645833333334 0.7601851851851852 0.3046875 0.47962962962962963
2 0.10104166666666667 0.5416666666666667 0.08333333333333333 0.17777777777777778
0 0.10598958333333333 0.4990740740740741 0.011979166666666666 0.020370370370370372
0 0.11536458333333333 0.5069444444444444 0.0171875 0.025
0 0.4361979166666667 0.6092592592592593 0.05364583333333333 0.10370370370370371
0 0.5015625 0.6083333333333334 0.05416666666666667 0.10740740740740741
0 0.7697916666666667 0.4527777777777778 0.028125 0.05555555555555556
0 0.95859375 0.4587962962962963 0.030729166666666665 0.05462962962962963
