2 0.8916666666666666 0.475462962962963 0.06979166666666667 0.23611111111111113
2 0.96484375 0.4087962962962963 0.04114583333333333 0.17500000000000002
2 0.7583333333333333 0.46574074074074073 0.07083333333333333 0.2425925925925926
2 0.6786458333333333 0.5402777777777777 0.08020833333333333 0.3175925925925926
2 0.5052083333333334 0.5203703703703704 0.11354166666666667 0.3055555555555556
2 0.42083333333333334 0.6356481481481482 0.16666666666666666 0.45092592592592595
2 0.33541666666666664 0.4337962962962963 0.07291666666666667 0.23055555555555557
1 0.34010416666666665 0.37083333333333335 0.015625 0.04351851851851852
1 0.403125 0.5199074074074074 0.035416666666666666 0.09351851851851853
1 0.43046875 0.4939814814814815 0.034895833333333334 0.08611111111111111
1 0.49322916666666666 0.42453703703703705 0.03333333333333333 0.0638888888888889
1 0.9 0.3962962962962963 0.021875 0.0462962962962963
1 0.7609375 0.39166666666666666 0.01875 0.037037037037037035
0 0.68125 0.46851851851851856 0.036458333333333336 0.07407407407407407
0 0.9661458333333334 0.35833333333333334 0.016666666666666666 0.040740740740740744
