2 0.4302083333333333 0.625925925925926 0.0875 0.2111111111111111
2 0.175 0.6328703703703704 0.084375 0.18611111111111112
2 0.27578125 0.6078703703703704 0.06510416666666667 0.1712962962962963
2 0.0546875 0.6416666666666667 0.06770833333333333 0.17222222222222222
0 0.05677083333333333 0.5814814814814815 0.015625 0.024074074074074074
0 0.043229166666666666 0.5819444444444445 0.011458333333333333 0.02314814814814815
0 0.18177083333333333 0.5708333333333333 0.014583333333333334 0.03425925925925926
0 0.27421875 0.5652777777777778 0.008854166666666666 0.02314814814814815
1 0.2799479166666667 0.5791666666666667 0.009895833333333333 0.017592592592592594
1 0.2921875 0.5657407407407408 0.011458333333333333 0.022222222222222223
1 0.45078124999999997 0.5662037037037038 0.0203125 0.032407407407407406
