2 0.9236979166666667 0.5972222222222222 0.08489583333333334 0.24074074074074076
2 0.7138020833333333 0.5902777777777778 0.1015625 0.24351851851851852
2 0.42421875 0.7615740740740741 0.1921875 0.34351851851851856
2 0.275 0.6592592592592593 0.14479166666666665 0.3
2 0.17526041666666667 0.7495370370370371 0.1859375 0.3731481481481482
0 0.16666666666666666 0.6458333333333334 0.04479166666666667 0.06018518518518519
0 0.28411458333333334 0.5796296296296296 0.03177083333333333 0.053703703703703705
0 0.375 0.65 0.03958333333333333 0.06296296296296297
0 0.9221354166666667 0.5435185185185185 0.019270833333333334 0.040740740740740744
1 0.9367187499999999 0.5435185185185185 0.013020833333333334 0.03888888888888889
1 0.7356770833333334 0.5319444444444444 0.0140625 0.04166666666666667
1 0.7166666666666667 0.5361111111111111 0.019791666666666666 0.037037037037037035
1 0.42421875 0.6402777777777778 0.0296875 0.07314814814814816
