2 0.18619791666666666 0.5981481481481482 0.06822916666666666 0.20185185185185187
0 0.18463541666666666 0.525 0.0171875 0.04259259259259259
0 0.17109375 0.5236111111111111 0.01614583333333333 0.026851851851851852
2 0.57109375 0.6486111111111111 0.10364583333333333 0.2712962962962963
2 0.6627604166666666 0.638888888888889 0.09635416666666667 0.24629629629629632
2 0.77265625 0.6435185185185185 0.10364583333333333 0.24444444444444446
2 0.8734375 0.7125 0.13333333333333333 0.3231481481481482
0 0.9096354166666667 0.5930555555555556 0.0328125 0.0638888888888889
0 0.8828125 0.6171296296296297 0.026041666666666668 0.04722222222222222
0 0.86875 0.5847222222222223 0.025 0.05092592592592593
0 0.83671875 0.6092592592592593 0.027604166666666666 0.05555555555555556
1 0.8018229166666666 0.5680555555555555 0.0203125 0.03981481481481482
1 0.7833333333333333 0.5824074074074075 0.020833333333333332 0.037037037037037035
0 0.7768229166666667 0.5560185185185186 0.024479166666666666 0.05092592592592593
0 0.65625 0.5425925925925926 0.027083333333333334 0.05
1 0.5807291666666666 0.5421296296296296 0.021875 0.049074074074074076
