2 0.4166666666666667 0.7648148148148148 0.284375 0.4703703703703704
2 0.7356770833333334 0.5421296296296296 0.11302083333333333 0.2675925925925926
2 0.3927083333333333 0.5462962962962963 0.08958333333333333 0.1851851851851852
2 0.13359375 0.5347222222222222 0.09947916666666666 0.18055555555555555
0 0.14244791666666667 0.4986111111111111 0.009895833333333333 0.026851851851851852
0 0.13307291666666665 0.5 0.018229166666666668 0.044444444444444446
0 0.3919270833333333 0.48888888888888893 0.015104166666666667 0.02962962962962963
0 0.76171875 0.47962962962962963 0.018229166666666668 0.02962962962962963
0 0.7390625 0.48842592592592593 0.014583333333333334 0.036111111111111115
1 0.40208333333333335 0.6222222222222222 0.042708333333333334 0.09074074074074075
