2 0.6130208333333333 0.7472222222222222 0.27291666666666664 0.4703703703703704
2 0.37994791666666666 0.6620370370370371 0.16927083333333334 0.38703703703703707
2 0.20625 0.7027777777777778 0.159375 0.35185185185185186
2 0.10677083333333333 0.6361111111111112 0.084375 0.24814814814814815
0 0.10911458333333333 0.5648148148148149 0.033854166666666664 0.04814814814814815
0 0.18802083333333333 0.576388888888889 0.035416666666666666 0.0712962962962963
0 0.16145833333333334 0.576388888888889 0.026041666666666668 0.06759259259259259
0 0.36041666666666666 0.5615740740740741 0.03958333333333333 0.08425925925925926
0 0.5817708333333333 0.6171296296296297 0.036458333333333336 0.09537037037037037
0 0.5385416666666667 0.5888888888888889 0.04375 0.0925925925925926
