2 0.6861979166666666 0.6722222222222223 0.1796875 0.2962962962962963
2 0.22552083333333334 0.7023148148148148 0.12395833333333334 0.2657407407407408
2 0.41875 0.7333333333333334 0.17083333333333334 0.3148148148148148
2 0.3997395833333333 0.8439814814814816 0.20781249999999998 0.31203703703703706
2 0.2825520833333333 0.8046296296296297 0.1171875 0.3388888888888889
0 0.65703125 0.5643518518518519 0.022395833333333334 0.05462962962962963
0 0.63828125 0.563425925925926 0.021354166666666667 0.058333333333333334
0 0.39036458333333335 0.6240740740740741 0.0328125 0.06666666666666667
0 0.3580729166666667 0.6138888888888889 0.0265625 0.05925925925925926
1 0.37395833333333334 0.7185185185185186 0.04375 0.08518518518518518
1 0.33880208333333334 0.7333333333333334 0.030729166666666665 0.08518518518518518
1 0.3015625 0.6699074074074074 0.034375 0.062037037037037036
1 0.2598958333333333 0.6685185185185185 0.03229166666666666 0.06296296296296297
0 0.22890625 0.6217592592592592 0.028645833333333332 0.05648148148148149
0 0.19401041666666666 0.6217592592592592 0.022395833333333334 0.049074074074074076
2 0.2786458333333333 0.6050925925925926 0.05520833333333333 0.11574074074074074
0 0.28619791666666666 0.5601851851851852 0.013020833333333334 0.020370370370370372
