2 0.8184895833333333 0.6490740740740741 0.21927083333333333 0.4777777777777778
2 0.6041666666666666 0.5731481481481482 0.17395833333333333 0.3703703703703704
2 0.3247395833333333 0.6666666666666667 0.1953125 0.3666666666666667
2 0.24244791666666665 0.5097222222222222 0.0703125 0.26944444444444443
2 0.0984375 0.5407407407407407 0.1375 0.26666666666666666
2 0.096875 0.7162037037037037 0.159375 0.47685185185185186
0 0.8075520833333333 0.49768518518518523 0.03697916666666667 0.08611111111111111
0 0.7567708333333333 0.48564814814814816 0.041666666666666664 0.09907407407407408
0 0.6091145833333333 0.46296296296296297 0.0390625 0.0925925925925926
0 0.56953125 0.45092592592592595 0.03177083333333333 0.08703703703703704
0 0.23723958333333334 0.425 0.0359375 0.07962962962962963
0 0.2864583333333333 0.49074074074074076 0.0375 0.0925925925925926
0 0.06927083333333334 0.4449074074074074 0.030208333333333334 0.06574074074074074
1 0.06458333333333333 0.5416666666666667 0.03958333333333333 0.07962962962962963
1 0.03177083333333333 0.5236111111111111 0.034375 0.0712962962962963
