2 0.9106770833333333 0.7902777777777779 0.17864583333333334 0.41944444444444445
2 0.7411458333333333 0.737962962962963 0.19583333333333333 0.3703703703703704
2 0.5721354166666667 0.7101851851851853 0.19114583333333332 0.3388888888888889
2 0.2984375 0.6902777777777778 0.165625 0.2601851851851852
2 0.15052083333333333 0.6148148148148148 0.065625 0.11851851851851852
2 0.10182291666666667 0.6356481481481482 0.06822916666666666 0.13425925925925927
1 0.10598958333333333 0.5800925925925926 0.024479166666666666 0.026851851851851852
0 0.15416666666666667 0.5708333333333333 0.011458333333333333 0.032407407407407406
0 0.14244791666666667 0.5717592592592593 0.01614583333333333 0.028703703703703703
0 0.93515625 0.6574074074074074 0.06197916666666667 0.11851851851851852
0 0.8645833333333334 0.6342592592592593 0.057291666666666664 0.09444444444444444
1 0.7283854166666667 0.5981481481481482 0.0328125 0.07407407407407407
1 0.76015625 0.6467592592592593 0.024479166666666666 0.049074074074074076
1 0.67734375 0.6023148148148149 0.044270833333333336 0.0787037037037037
1 0.5598958333333334 0.5949074074074074 0.021875 0.0638888888888889
1 0.5369791666666667 0.6143518518518519 0.01875 0.04351851851851852
1 0.5200520833333333 0.5939814814814816 0.025520833333333333 0.06018518518518519
1 0.3026041666666667 0.6129629629629629 0.025 0.06296296296296297
1 0.27760416666666665 0.6 0.022916666666666665 0.05
1 0.2546875 0.6046296296296296 0.021875 0.05185185185185186
