2 0.86 0.4410681399631676 0.0975 0.2523020257826888
2 0.6375000000000001 0.4613259668508288 0.0625 0.27808471454880296
2 0.59125 0.4613259668508288 0.065 0.2707182320441989
2 0.5075000000000001 0.6012891344383058 0.195 0.5948434622467772
2 0.376875 0.5423572744014733 0.14375000000000002 0.4106813996316759
2 0.135 0.5911602209944752 0.2175 0.48987108655616945
2 0.756875 0.6666666666666667 0.23875000000000002 0.6482504604051565
0 0.85 0.3664825046040516 0.025 0.04788213627992634
0 0.725625 0.40607734806629836 0.08875 0.11602209944751382
0 0.641875 0.37569060773480667 0.04125 0.06629834254143646
0 0.595625 0.3747697974217311 0.02875 0.0423572744014733
0 0.49375 0.39410681399631675 0.07 0.1252302025782689
0 0.3825 0.39963167587476983 0.0525 0.0847145488029466
0 0.121875 0.40699815837937386 0.05375 0.09208103130755065
