0 0.51796875 0.6601851851851852 0.030729166666666665 0.05555555555555556
0 0.5419270833333333 0.6310185185185185 0.030729166666666665 0.0638888888888889
0 0.7705729166666666 0.5796296296296296 0.009895833333333333 0.02592592592592593
1 0.24505208333333334 0.6416666666666667 0.0203125 0.03888888888888889
1 0.19166666666666665 0.6537037037037037 0.017708333333333333 0.03518518518518519
1 0.05286458333333333 0.6620370370370371 0.0234375 0.053703703703703705
1 0.08151041666666667 0.6527777777777778 0.030729166666666665 0.0462962962962963
1 0.09088541666666666 0.6986111111111112 0.018229166666666668 0.026851851851851852
2 0.5434895833333333 0.7773148148148148 0.16822916666666665 0.3824074074074074
2 0.76796875 0.6101851851851852 0.04010416666666666 0.10555555555555556
2 0.25078125 0.7111111111111111 0.0765625 0.17222222222222222
2 0.18072916666666666 0.7171296296296297 0.08541666666666667 0.20833333333333334
2 0.059375 0.7675925925925926 0.11145833333333333 0.32037037037037036
