2 0.07161458333333333 0.7620370370370371 0.13489583333333333 0.32592592592592595
2 0.33567708333333335 0.851388888888889 0.17760416666666667 0.2972222222222222
2 0.25755208333333335 0.7462962962962963 0.16302083333333334 0.34814814814814815
2 0.66015625 0.8023148148148148 0.24739583333333334 0.39537037037037037
2 0.9309895833333334 0.7671296296296296 0.13802083333333334 0.46574074074074073
2 0.76796875 0.7337962962962963 0.21302083333333333 0.3212962962962963
2 0.7690104166666667 0.5824074074074075 0.06927083333333334 0.20370370370370372
0 0.9541666666666666 0.6523148148148148 0.052083333333333336 0.10648148148148148
0 0.75234375 0.6296296296296297 0.0359375 0.06666666666666667
0 0.6822916666666666 0.6074074074074074 0.03125 0.07407407407407407
0 0.6330729166666667 0.6967592592592593 0.0546875 0.11388888888888889
0 0.28125 0.7601851851851852 0.057291666666666664 0.10555555555555556
0 0.25546875 0.6550925925925927 0.04010416666666666 0.09537037037037037
0 0.04010416666666666 0.6550925925925927 0.04583333333333333 0.07685185185185185
1 0.21302083333333333 0.6944444444444444 0.030208333333333334 0.05740740740740741
1 0.77421875 0.5337962962962963 0.011979166666666666 0.030555555555555558
1 0.76015625 0.5393518518518519 0.011979166666666666 0.030555555555555558
