2 0.4263020833333333 0.6226851851851852 0.0921875 0.1787037037037037
2 0.7036458333333333 0.8314814814814815 0.26145833333333335 0.337037037037037
2 0.82109375 0.8125 0.22760416666666666 0.375
2 0.7348958333333333 0.6342592592592593 0.13125 0.23703703703703705
2 0.36744791666666665 0.8203703703703704 0.22135416666666666 0.3592592592592593
2 0.12578125 0.7384259259259259 0.12552083333333333 0.2601851851851852
0 0.7291666666666666 0.5523148148148148 0.026041666666666668 0.04722222222222222
0 0.44114583333333335 0.5625 0.015625 0.032407407407407406
0 0.42265625 0.5657407407407408 0.0171875 0.03333333333333333
1 0.10859375 0.6361111111111112 0.024479166666666666 0.0462962962962963
1 0.08072916666666667 0.6282407407407408 0.026041666666666668 0.04166666666666667
0 0.29453125 0.6768518518518519 0.0390625 0.07222222222222223
0 0.3390625 0.675462962962963 0.03125 0.0787037037037037
1 0.59453125 0.7041666666666667 0.0453125 0.10462962962962963
1 0.6455729166666666 0.7194444444444444 0.0484375 0.09074074074074075
1 0.6979166666666666 0.7245370370370371 0.04895833333333333 0.09537037037037037
1 0.7596354166666667 0.6777777777777778 0.043229166666666666 0.07777777777777778
1 0.7190104166666667 0.6564814814814816 0.033854166666666664 0.07407407407407407
