2 0.10598958333333333 0.48564814814814816 0.03697916666666667 0.09351851851851853
2 0.4927083333333333 0.5328703703703704 0.06979166666666667 0.1712962962962963
2 0.45208333333333334 0.5148148148148148 0.04375 0.16296296296296298
2 0.4114583333333333 0.5180555555555556 0.046875 0.1564814814814815
2 0.3489583333333333 0.5120370370370371 0.04895833333333333 0.15
2 0.22786458333333334 0.48240740740740745 0.04114583333333333 0.11666666666666667
1 0.5072916666666667 0.47962962962962963 0.015625 0.03333333333333333
1 0.4979166666666667 0.4800925925925926 0.0125 0.028703703703703703
1 0.4864583333333333 0.4847222222222222 0.013541666666666667 0.028703703703703703
0 0.4591145833333333 0.4675925925925926 0.0171875 0.02592592592592593
0 0.41562499999999997 0.4638888888888889 0.0125 0.02592592592592593
1 0.3575520833333333 0.46574074074074073 0.009895833333333333 0.016666666666666666
1 0.34869791666666666 0.46574074074074073 0.0067708333333333336 0.014814814814814815
0 0.3223958333333333 0.45601851851851855 0.014583333333333334 0.021296296296296296
0 0.10625 0.4449074074074074 0.011458333333333333 0.02314814814814815
0 0.23463541666666665 0.4518518518518519 0.0078125 0.018518518518518517
