0 0.8462500000000001 0.3712121212121212 0.0825 0.13636363636363635
0 0.9550000000000001 0.20833333333333334 0.055 0.11363636363636365
0 0.66625 0.3068181818181818 0.0725 0.12878787878787878
0 0.5375 0.16287878787878787 0.075 0.12878787878787878
0 0.5 0.46401515151515155 0.095 0.17045454545454547
0 0.34750000000000003 0.28030303030303033 0.07 0.12878787878787878
0 0.1975 0.23674242424242425 0.065 0.11742424242424243
0 0.07 0.35795454545454547 0.07 0.13257575757575757
0 0.043750000000000004 0.09090909090909091 0.0425 0.07575757575757576
0 0.36375 0.06439393939393939 0.0425 0.08333333333333334
2 0.0475 0.19318181818181818 0.085 0.30303030303030304
2 0.08750000000000001 0.6212121212121212 0.14 0.6742424242424243
2 0.215 0.45075757575757575 0.135 0.5757575757575758
2 0.3675 0.13825757575757577 0.105 0.24621212121212122
2 0.3575 0.5132575757575758 0.17500000000000002 0.6477272727272727
2 0.53 0.6742424242424243 0.25 0.6515151515151515
2 0.6675 0.5568181818181819 0.17 0.7045454545454546
2 0.5437500000000001 0.24621212121212122 0.1275 0.3560606060606061
2 0.83125 0.6003787878787878 0.1775 0.7462121212121212
2 0.94625 0.4431818181818182 0.1075 0.6439393939393939
