2 0.653125 0.5199074074074074 0.11562499999999999 0.2953703703703704
2 0.49713541666666666 0.46990740740740744 0.08802083333333333 0.25092592592592594
2 0.40078125 0.4444444444444445 0.06822916666666666 0.19074074074074074
2 0.20989583333333334 0.3925925925925926 0.040625 0.13333333333333333
2 0.13489583333333333 0.375 0.040625 0.10370370370370371
2 0.09192708333333333 0.3814814814814815 0.0328125 0.13148148148148148
2 0.03828125 0.35324074074074074 0.0265625 0.09537037037037037
2 0.96171875 0.5564814814814815 0.0765625 0.3092592592592593
1 0.9927083333333333 0.4532407407407408 0.014583333333333334 0.03981481481481482
0 0.65078125 0.4175925925925926 0.021354166666666667 0.04259259259259259
0 0.6697916666666667 0.41620370370370374 0.013541666666666667 0.04166666666666667
0 0.5192708333333333 0.3888888888888889 0.017708333333333333 0.04259259259259259
0 0.5 0.39166666666666666 0.014583333333333334 0.044444444444444446
0 0.4192708333333333 0.3740740740740741 0.015625 0.03333333333333333
0 0.4002604166666667 0.3699074074074074 0.0203125 0.03981481481481482
0 0.21145833333333333 0.3462962962962963 0.011458333333333333 0.02777777777777778
0 0.0921875 0.33472222222222225 0.013541666666666667 0.02314814814814815
2 0.7760416666666666 0.4462962962962963 0.06354166666666666 0.13518518518518519
