2 0.6760416666666667 0.6152777777777778 0.0875 0.20277777777777778
2 0.30052083333333335 0.5527777777777778 0.03958333333333333 0.15
2 0.22317708333333333 0.5560185185185186 0.04010416666666666 0.14166666666666666
2 0.25026041666666665 0.5430555555555556 0.0359375 0.14537037037037037
2 0.15833333333333333 0.5324074074074074 0.05520833333333333 0.1388888888888889
2 0.10989583333333333 0.512962962962963 0.03854166666666667 0.0962962962962963
1 0.6817708333333333 0.5462962962962963 0.014583333333333334 0.02962962962962963
1 0.671875 0.5402777777777777 0.008333333333333333 0.028703703703703703
0 0.30364583333333334 0.5 0.007291666666666667 0.018518518518518517
0 0.2973958333333333 0.5046296296296297 0.014583333333333334 0.020370370370370372
0 0.22682291666666665 0.5069444444444444 0.01614583333333333 0.025
0 0.11067708333333333 0.48240740740740745 0.0140625 0.012962962962962964
