2 0.3653645833333333 0.6032407407407407 0.08072916666666667 0.16574074074074074
2 0.7421875 0.8009259259259259 0.365625 0.39814814814814814
2 0.2359375 0.7537037037037038 0.16354166666666667 0.32037037037037036
2 0.09375 0.7046296296296296 0.12395833333333334 0.2518518518518519
1 0.06927083333333334 0.6319444444444444 0.019791666666666666 0.032407407407407406
1 0.21822916666666667 0.6430555555555556 0.025 0.049074074074074076
1 0.23984375 0.6805555555555556 0.028645833333333332 0.044444444444444446
1 0.7375 0.7912037037037037 0.053125 0.11388888888888889
1 0.3802083333333333 0.5675925925925926 0.014583333333333334 0.022222222222222223
1 0.3653645833333333 0.5620370370370371 0.011979166666666666 0.024074074074074074
0 0.6208333333333333 0.7194444444444444 0.058333333333333334 0.11851851851851852
0 0.6950520833333333 0.7222222222222222 0.057812499999999996 0.13148148148148148
0 0.09010416666666667 0.6212962962962963 0.02395833333333333 0.0462962962962963
0 0.18515625 0.6430555555555556 0.024479166666666666 0.06018518518518519
