2 0.7141700404858299 0.5175438596491228 0.07449392712550607 0.17982456140350878
2 0.8603238866396761 0.5043859649122807 0.06396761133603239 0.1600877192982456
2 0.43562753036437246 0.5712719298245613 0.18137651821862347 0.3201754385964912
2 0.24615384615384614 0.6578947368421052 0.3805668016194332 0.5460526315789473
0 0.17044534412955464 0.5137061403508771 0.09797570850202429 0.1524122807017544
0 0.24534412955465587 0.49396929824561403 0.07935222672064778 0.13267543859649122
1 0.3109311740890688 0.5800438596491228 0.0680161943319838 0.09429824561403508
0 0.3963562753036437 0.47423245614035087 0.06072874493927125 0.07346491228070175
0 0.714574898785425 0.4506578947368421 0.034817813765182185 0.05263157894736842
0 0.8623481781376517 0.4533991228070175 0.029149797570850202 0.042763157894736836
