2 0.40703125 0.4953703703703704 0.0828125 0.2740740740740741
2 0.5723958333333333 0.45092592592592595 0.071875 0.1925925925925926
2 0.6598958333333333 0.5810185185185185 0.11770833333333333 0.38796296296296295
2 0.775 0.45972222222222225 0.13854166666666667 0.18981481481481483
2 0.8979166666666667 0.7041666666666667 0.19895833333333332 0.5398148148148149
2 0.7723958333333333 0.7777777777777778 0.2895833333333333 0.4444444444444445
2 0.95390625 0.5416666666666667 0.0921875 0.3037037037037037
1 0.9604166666666667 0.44351851851851853 0.021875 0.05
1 0.8182291666666667 0.48842592592592593 0.04583333333333333 0.09722222222222222
1 0.82265625 0.4152777777777778 0.022395833333333334 0.04351851851851852
1 0.8010416666666667 0.4217592592592593 0.020833333333333332 0.03981481481481482
1 0.7752604166666667 0.41620370370370374 0.022395833333333334 0.04537037037037037
1 0.4153645833333333 0.40601851851851856 0.027604166666666666 0.05092592592592593
0 0.55234375 0.3907407407407408 0.019270833333333334 0.040740740740740744
0 0.5760416666666667 0.39166666666666666 0.021875 0.04814814814814815
0 0.6518229166666667 0.4240740740740741 0.043229166666666666 0.06666666666666667
0 0.7697916666666667 0.6074074074074074 0.06041666666666667 0.15
0 0.87578125 0.5101851851851852 0.05677083333333333 0.11111111111111112
