2 0.5950520833333334 0.6939814814814815 0.13385416666666666 0.31203703703703706
2 0.6908854166666667 0.587037037037037 0.08697916666666666 0.19074074074074074
2 0.15494791666666666 0.7689814814814815 0.1609375 0.33425925925925926
2 0.20651041666666667 0.7064814814814815 0.12864583333333332 0.2574074074074074
2 0.2544270833333333 0.6763888888888889 0.10781249999999999 0.2675925925925926
0 0.20781249999999998 0.5912037037037037 0.022916666666666665 0.05648148148148149
0 0.19036458333333334 0.6236111111111111 0.024479166666666666 0.05462962962962963
0 0.15677083333333333 0.6175925925925926 0.026041666666666668 0.05555555555555556
0 0.14036458333333332 0.6532407407407408 0.024479166666666666 0.058333333333333334
0 0.10651041666666666 0.6509259259259259 0.028645833333333332 0.06296296296296297
1 0.5901041666666667 0.5925925925925926 0.03229166666666666 0.05925925925925926
0 0.7049479166666667 0.5504629629629629 0.015104166666666667 0.03796296296296296
0 0.72578125 0.55 0.0171875 0.040740740740740744
