2 0.87125 0.5128205128205128 0.1825 0.5846153846153846
2 0.67375 0.5076923076923077 0.1975 0.7589743589743589
2 0.46625 0.4897435897435897 0.1775 0.6615384615384615
2 0.3375 0.4897435897435897 0.1 0.5692307692307692
2 0.26125 0.48717948717948717 0.1575 0.6666666666666666
2 0.12125 0.4666666666666667 0.14250000000000002 0.5846153846153846
0 0.11750000000000001 0.2641025641025641 0.06 0.13846153846153847
0 0.2625 0.23076923076923078 0.055 0.13333333333333333
0 0.33 0.28717948717948716 0.045 0.10256410256410256
0 0.45 0.2512820512820513 0.06 0.13333333333333333
0 0.67 0.2230769230769231 0.065 0.14871794871794872
0 0.84375 0.2846153846153846 0.0525 0.09743589743589744
