2 0.86171875 0.8101851851851852 0.21510416666666665 0.37592592592592594
2 0.921875 0.5967592592592593 0.10729166666666666 0.2638888888888889
2 0.646875 0.8013888888888889 0.19270833333333334 0.36944444444444446
2 0.4796875 0.6773148148148148 0.14479166666666665 0.30092592592592593
0 0.44505208333333335 0.5824074074074075 0.0234375 0.04259259259259259
0 0.625 0.6361111111111112 0.034375 0.07592592592592592
0 0.8390624999999999 0.6814814814814815 0.04583333333333333 0.0925925925925926
0 0.915625 0.538425925925926 0.019791666666666666 0.05462962962962963
1 0.9333333333333333 0.5532407407407408 0.01875 0.03796296296296296
1 0.7971354166666667 0.6805555555555556 0.0421875 0.0962962962962963
1 0.6010416666666667 0.675 0.022916666666666665 0.05
1 0.5848958333333333 0.6333333333333333 0.029166666666666667 0.05925925925925926
1 0.4705729166666667 0.5833333333333334 0.021354166666666667 0.05740740740740741
2 0.61328125 0.587037037037037 0.050520833333333334 0.15555555555555556
0 0.6130208333333333 0.5486111111111112 0.013541666666666667 0.03425925925925926
2 0.18255208333333334 0.6203703703703703 0.05364583333333333 0.1462962962962963
2 0.23567708333333334 0.6 0.0390625 0.14814814814814814
2 0.14765625 0.6041666666666667 0.0390625 0.1398148148148148
0 0.196875 0.5740740740740741 0.011458333333333333 0.02962962962962963
0 0.18333333333333332 0.5787037037037037 0.011458333333333333 0.02777777777777778
0 0.14713541666666666 0.5750000000000001 0.011979166666666666 0.02962962962962963
0 0.23463541666666665 0.5685185185185185 0.011979166666666666 0.024074074074074074
0 0.24505208333333334 0.5657407407407408 0.008854166666666666 0.022222222222222223
0 0.25755208333333335 0.5685185185185185 0.009895833333333333 0.022222222222222223
