2 0.8708333333333333 0.5731481481481482 0.11875 0.20555555555555557
2 0.30104166666666665 0.7416666666666667 0.17708333333333334 0.32037037037037036
2 0.3606770833333333 0.6148148148148148 0.09114583333333333 0.16481481481481483
2 0.22786458333333334 0.6148148148148148 0.08697916666666666 0.17037037037037037
0 0.2921875 0.625925925925926 0.026041666666666668 0.05555555555555556
1 0.24088541666666666 0.5699074074074074 0.0171875 0.03425925925925926
1 0.22708333333333333 0.5703703703703704 0.013541666666666667 0.02592592592592593
1 0.36015625 0.5597222222222222 0.01614583333333333 0.026851851851851852
1 0.90234375 0.5226851851851853 0.013020833333333334 0.028703703703703703
1 0.8854166666666666 0.5263888888888889 0.010416666666666666 0.03425925925925926
1 0.87265625 0.5268518518518519 0.013020833333333334 0.031481481481481485
