2 0.384375 0.687962962962963 0.125 0.27222222222222225
2 0.7755208333333333 0.8050925925925926 0.20520833333333333 0.38981481481481484
2 0.8276041666666667 0.701388888888889 0.18645833333333334 0.33240740740740743
2 0.6127604166666667 0.7337962962962963 0.14635416666666667 0.3768518518518519
1 0.5859375 0.6319444444444444 0.030208333333333334 0.06759259259259259
1 0.8044270833333333 0.6314814814814815 0.019270833333333334 0.05555555555555556
1 0.7833333333333333 0.5773148148148148 0.020833333333333332 0.05462962962962963
1 0.7572916666666667 0.600462962962963 0.020833333333333332 0.04537037037037037
0 0.7153645833333333 0.6606481481481482 0.04635416666666667 0.08981481481481482
0 0.6161458333333333 0.6231481481481481 0.034375 0.08888888888888889
0 0.37109375 0.6 0.019270833333333334 0.04814814814814815
0 0.3567708333333333 0.6 0.014583333333333334 0.04259259259259259
