2 0.8820312499999999 0.5768518518518518 0.09947916666666666 0.20555555555555557
2 0.7393229166666666 0.5777777777777778 0.10885416666666667 0.2425925925925926
2 0.5895833333333333 0.6166666666666667 0.10104166666666667 0.26851851851851855
2 0.4393229166666667 0.5925925925925926 0.0765625 0.19814814814814816
2 0.5036458333333333 0.6 0.052083333333333336 0.13703703703703704
2 0.32265625 0.5986111111111111 0.0390625 0.13796296296296298
2 0.3611979166666667 0.5986111111111111 0.04739583333333333 0.1287037037037037
1 0.31927083333333334 0.5708333333333333 0.009375 0.025
1 0.32916666666666666 0.5643518518518519 0.011458333333333333 0.028703703703703703
1 0.3450520833333333 0.5680555555555555 0.009895833333333333 0.021296296296296296
1 0.35442708333333334 0.563425925925926 0.011979166666666666 0.026851851851851852
1 0.46328125 0.5574074074074075 0.0140625 0.02777777777777778
1 0.4513020833333333 0.5574074074074075 0.0140625 0.02777777777777778
1 0.503125 0.5541666666666667 0.0125 0.026851851851851852
1 0.49453125 0.5560185185185186 0.0109375 0.021296296296296296
0 0.6059895833333333 0.5439814814814815 0.019270833333333334 0.04166666666666667
0 0.5893229166666667 0.5439814814814815 0.018229166666666668 0.03796296296296296
0 0.5755208333333334 0.5430555555555556 0.015625 0.03425925925925926
0 0.7611979166666667 0.5282407407407408 0.019270833333333334 0.03796296296296296
0 0.74296875 0.5361111111111111 0.025520833333333333 0.03888888888888889
0 0.8916666666666666 0.5287037037037037 0.020833333333333332 0.040740740740740744
1 0.8768229166666667 0.5310185185185186 0.0140625 0.032407407407407406
