2 0.7778645833333333 0.4481481481481482 0.06927083333333334 0.12037037037037038
2 0.6893229166666667 0.4486111111111111 0.07135416666666666 0.13611111111111113
2 0.25364583333333335 0.4041666666666667 0.046875 0.13240740740740742
2 0.18880208333333334 0.39305555555555555 0.06302083333333333 0.15092592592592594
2 0.1203125 0.3856481481481482 0.03125 0.1287037037037037
2 0.09166666666666666 0.37222222222222223 0.029166666666666667 0.11666666666666667
2 0.026041666666666668 0.34675925925925927 0.020833333333333332 0.09166666666666667
0 0.26119791666666664 0.35370370370370374 0.011979166666666666 0.020370370370370372
0 0.24583333333333332 0.3527777777777778 0.014583333333333334 0.02962962962962963
1 0.20104166666666667 0.35000000000000003 0.009375 0.03518518518518519
0 0.19114583333333332 0.34490740740740744 0.015625 0.019444444444444445
0 0.11979166666666667 0.33611111111111114 0.010416666666666666 0.031481481481481485
0 0.09895833333333333 0.33425925925925926 0.011458333333333333 0.020370370370370372
0 0.027083333333333334 0.325 0.00625 0.018518518518518517
