2 0.8174479166666666 0.5958333333333333 0.13697916666666665 0.27314814814814814
2 0.45026041666666666 0.6324074074074074 0.10364583333333333 0.1962962962962963
2 0.34010416666666665 0.6055555555555556 0.07604166666666666 0.17592592592592593
2 0.2591145833333333 0.6245370370370371 0.0796875 0.20092592592592592
0 0.2565104166666667 0.5708333333333333 0.015104166666666667 0.03425925925925926
0 0.27109375 0.5689814814814815 0.019270833333333334 0.036111111111111115
0 0.33984375 0.562962962962963 0.0109375 0.022222222222222223
1 0.34765625 0.5717592592592593 0.0109375 0.019444444444444445
1 0.3611979166666667 0.5615740740740741 0.009895833333333333 0.02314814814814815
0 0.4536458333333333 0.5592592592592592 0.016666666666666666 0.03333333333333333
1 0.83984375 0.549537037037037 0.0234375 0.04722222222222222
1 0.8208333333333333 0.5421296296296296 0.02395833333333333 0.05277777777777778
1 0.9161458333333333 0.7939814814814815 0.06458333333333333 0.14722222222222223
1 0.8575520833333333 0.7986111111111112 0.05677083333333333 0.12685185185185185
1 0.78359375 0.7648148148148148 0.0734375 0.11851851851851852
2 0.8515625 0.8324074074074075 0.296875 0.3351851851851852
