2 0.3028645833333333 0.8074074074074075 0.2171875 0.3351851851851852
2 0.8557291666666667 0.6222222222222222 0.11875 0.21666666666666667
2 0.7705729166666666 0.6013888888888889 0.08802083333333333 0.16944444444444445
2 0.1765625 0.6231481481481481 0.0625 0.12407407407407407
2 0.26588541666666665 0.6314814814814815 0.09427083333333333 0.17037037037037037
1 0.28541666666666665 0.6662037037037037 0.03229166666666666 0.07314814814814816
1 0.2526041666666667 0.6648148148148149 0.026041666666666668 0.06296296296296297
1 0.22109375 0.6675925925925926 0.033854166666666664 0.06481481481481481
0 0.26197916666666665 0.5768518518518518 0.027083333333333334 0.053703703703703705
0 0.17734375 0.5768518518518518 0.0171875 0.037037037037037035
0 0.16276041666666666 0.5773148148148148 0.0203125 0.032407407407407406
0 0.84453125 0.5365740740740741 0.027604166666666666 0.049074074074074076
1 0.7893229166666667 0.5458333333333334 0.0203125 0.03981481481481482
1 0.7716145833333333 0.5444444444444445 0.015104166666666667 0.031481481481481485
