2 0.28072916666666664 0.6907407407407408 0.16041666666666665 0.2888888888888889
2 0.44088541666666664 0.7560185185185185 0.1578125 0.3490740740740741
2 0.5393229166666667 0.7189814814814816 0.1828125 0.33240740740740743
2 0.8908854166666667 0.8189814814814815 0.21822916666666667 0.36203703703703705
2 0.73359375 0.7555555555555555 0.12864583333333332 0.4166666666666667
0 0.77421875 0.6101851851851852 0.050520833333333334 0.10370370370370371
0 0.8080729166666667 0.687962962962963 0.05260416666666667 0.0925925925925926
0 0.8791666666666667 0.6615740740740741 0.052083333333333336 0.09907407407407408
0 0.8700520833333333 0.7513888888888889 0.06510416666666667 0.13240740740740742
0 0.9463541666666666 0.763888888888889 0.071875 0.14444444444444446
0 0.5002604166666667 0.6037037037037037 0.0234375 0.06851851851851852
0 0.4309895833333333 0.6333333333333333 0.0390625 0.07407407407407407
0 0.40859375 0.6236111111111111 0.043229166666666666 0.075
2 0.17369791666666667 0.6347222222222223 0.08802083333333333 0.18796296296296297
0 0.1765625 0.5782407407407407 0.022916666666666665 0.04537037037037037
1 0.2716145833333333 0.5875 0.033854166666666664 0.04351851851851852
1 0.46640624999999997 0.5981481481481482 0.022395833333333334 0.05185185185185186
