1 0.4675925925925926 0.28402777777777777 0.037037037037037035 0.051388888888888894
1 0.4810185185185185 0.7319444444444445 0.03981481481481482 0.07777777777777778
1 0.07731481481481482 0.5569444444444445 0.03796296296296296 0.061111111111111116
1 0.05416666666666667 0.6305555555555555 0.03796296296296296 0.061111111111111116
1 0.24629629629629632 0.7652777777777778 0.04814814814814815 0.09166666666666667
2 0.47731481481481486 0.3993055555555556 0.18425925925925926 0.38472222222222224
2 0.675462962962963 0.41805555555555557 0.10462962962962963 0.3416666666666667
2 0.49074074074074076 0.8104166666666667 0.16111111111111112 0.3680555555555556
2 0.2847222222222222 0.8277777777777778 0.1712962962962963 0.32222222222222224
2 0.10277777777777779 0.6451388888888889 0.1814814814814815 0.3458333333333333
1 0.6680555555555556 0.30972222222222223 0.03425925925925926 0.058333333333333334
