2 0.4388888888888889 0.7025089605734767 0.1425925925925926 0.5197132616487455
2 0.2740740740740741 0.28136200716845877 0.04814814814814815 0.17204301075268819
2 0.5745370370370371 0.289426523297491 0.030555555555555558 0.15949820788530467
2 0.6138888888888889 0.2768817204301075 0.031481481481481485 0.14516129032258066
2 0.6583333333333333 0.2589605734767025 0.03333333333333333 0.14157706093189965
2 0.5416666666666667 0.28225806451612906 0.02962962962962963 0.17383512544802868
2 0.5027777777777778 0.29301075268817206 0.044444444444444446 0.16308243727598568
2 0.45046296296296295 0.2768817204301075 0.036111111111111115 0.17383512544802868
2 0.31574074074074077 0.27598566308243727 0.02777777777777778 0.16487455197132617
2 0.33935185185185185 0.260752688172043 0.028703703703703703 0.14516129032258066
2 0.3703703703703704 0.2956989247311828 0.02962962962962963 0.14336917562724014
1 0.4203703703703704 0.5053763440860215 0.03333333333333333 0.08960573476702509
1 0.6620370370370371 0.22939068100358423 0.014814814814814815 0.03225806451612903
1 0.5745370370370371 0.235663082437276 0.017592592592592594 0.044802867383512544
1 0.549537037037037 0.224910394265233 0.01388888888888889 0.03046594982078853
1 0.5106481481481482 0.235663082437276 0.021296296296296296 0.03763440860215054
1 0.3685185185185185 0.23745519713261648 0.014814814814814815 0.03046594982078853
1 0.3402777777777778 0.2168458781362007 0.01388888888888889 0.03942652329749104
1 0.27361111111111114 0.22132616487455198 0.017592592592592594 0.03046594982078853
1 0.4486111111111111 0.2168458781362007 0.017592592592592594 0.03225806451612903
0 0.3199074074074074 0.22043010752688172 0.015740740740740743 0.03942652329749104
0 0.6194444444444445 0.23207885304659498 0.016666666666666666 0.044802867383512544
