2 0.8002604166666667 0.5944444444444444 0.1171875 0.22962962962962963
2 0.6966145833333334 0.7578703703703704 0.20260416666666667 0.44537037037037036
2 0.3140625 0.8050925925925926 0.175 0.38981481481481484
2 0.20520833333333333 0.7078703703703704 0.08645833333333333 0.2953703703703704
2 0.06145833333333333 0.7240740740740741 0.1125 0.2814814814814815
0 0.0203125 0.6222222222222222 0.025 0.05740740740740741
0 0.19427083333333334 0.6217592592592592 0.03229166666666666 0.075
0 0.22369791666666666 0.6162037037037037 0.0265625 0.075
0 0.2578125 0.6518518518518519 0.036458333333333336 0.07222222222222223
0 0.296875 0.662962962962963 0.03958333333333333 0.08333333333333334
0 0.6559895833333333 0.5967592592592593 0.04010416666666666 0.08240740740740742
0 0.8174479166666666 0.5333333333333333 0.024479166666666666 0.044444444444444446
0 0.79453125 0.5375 0.01614583333333333 0.028703703703703703
