2 0.8145833333333333 0.47314814814814815 0.071875 0.2518518518518519
2 0.7419270833333333 0.6157407407407408 0.12864583333333332 0.39814814814814814
2 0.5768229166666666 0.7560185185185185 0.2015625 0.487962962962963
2 0.32734375 0.49953703703703706 0.09322916666666667 0.2657407407407408
0 0.33619791666666665 0.40046296296296297 0.0234375 0.062037037037037036
0 0.8096354166666666 0.39166666666666666 0.028645833333333332 0.04814814814814815
1 0.7463541666666667 0.48842592592592593 0.03333333333333333 0.08796296296296297
1 0.5598958333333334 0.6162037037037037 0.05520833333333333 0.13425925925925927
2 0.14296875 0.4967592592592593 0.0890625 0.27685185185185185
1 0.16171875 0.40370370370370373 0.019270833333333334 0.0462962962962963
1 0.1375 0.40324074074074073 0.022916666666666665 0.05277777777777778
