2 0.09625 0.5647058823529412 0.1875 0.5019607843137255
2 0.245 0.5450980392156862 0.17 0.4
2 0.385 0.5313725490196078 0.14 0.3803921568627451
2 0.49625 0.5176470588235293 0.1625 0.3607843137254902
2 0.745 0.4980392156862745 0.155 0.33725490196078434
2 0.83875 0.5196078431372549 0.1625 0.29411764705882354
2 0.90125 0.46862745098039216 0.14250000000000002 0.28627450980392155
1 0.8425 0.39019607843137255 0.035 0.050980392156862744
1 0.775 0.4137254901960784 0.03 0.050980392156862744
1 0.6900000000000001 0.3862745098039216 0.04 0.058823529411764705
1 0.4425 0.39215686274509803 0.025 0.054901960784313725
1 0.355 0.39019607843137255 0.04 0.050980392156862744
1 0.2 0.39019607843137255 0.035 0.06666666666666667
1 0.09 0.3627450980392157 0.045 0.09019607843137255
