2 0.34010416666666665 0.6268518518518519 0.07291666666666667 0.20740740740740743
2 0.14557291666666666 0.5837962962962964 0.04635416666666667 0.15462962962962964
2 0.1890625 0.5726851851851852 0.06041666666666667 0.1675925925925926
2 0.7072916666666667 0.862962962962963 0.21875 0.2740740740740741
0 0.70546875 0.8245370370370371 0.0546875 0.11574074074074074
0 0.35 0.5518518518518519 0.020833333333333332 0.040740740740740744
0 0.33958333333333335 0.5587962962962963 0.016666666666666666 0.032407407407407406
0 0.15026041666666667 0.5361111111111111 0.01614583333333333 0.031481481481481485
0 0.1890625 0.5305555555555556 0.014583333333333334 0.031481481481481485
1 0.6533854166666666 0.8027777777777778 0.04635416666666667 0.0962962962962963
