2 0.7322916666666667 0.7777777777777778 0.15416666666666667 0.32222222222222224
2 0.5815104166666667 0.7055555555555556 0.1171875 0.29444444444444445
2 0.4354166666666667 0.6708333333333334 0.096875 0.24722222222222223
2 0.3502604166666667 0.6217592592592592 0.0703125 0.18611111111111112
2 0.23411458333333332 0.762962962962963 0.12864583333333332 0.3814814814814815
1 0.7682291666666666 0.6574074074074074 0.021875 0.05555555555555556
1 0.7424479166666667 0.6550925925925927 0.027604166666666666 0.049074074074074076
1 0.6088541666666667 0.6148148148148148 0.02395833333333333 0.05555555555555556
1 0.43697916666666664 0.5814814814814815 0.01875 0.03518518518518519
1 0.42135416666666664 0.5875 0.020833333333333332 0.028703703703703703
0 0.58359375 0.611574074074074 0.0234375 0.05648148148148149
0 0.22734374999999998 0.6430555555555556 0.0390625 0.06759259259259259
0 0.20026041666666666 0.6513888888888889 0.034895833333333334 0.06018518518518519
