2 0.5059895833333333 0.6398148148148148 0.09635416666666667 0.17037037037037037
2 0.46067708333333335 0.8208333333333334 0.1609375 0.3416666666666667
2 0.24505208333333334 0.6560185185185186 0.07864583333333333 0.24351851851851852
2 0.13958333333333334 0.8199074074074074 0.14791666666666667 0.3601851851851852
1 0.46249999999999997 0.7092592592592593 0.02395833333333333 0.06666666666666667
1 0.43671875 0.7069444444444445 0.0265625 0.06574074074074074
1 0.40781249999999997 0.7083333333333334 0.029166666666666667 0.06296296296296297
1 0.48020833333333335 0.5837962962962964 0.016666666666666666 0.03981481481481482
0 0.4966145833333333 0.5851851851851853 0.024479166666666666 0.03888888888888889
0 0.23229166666666667 0.5847222222222223 0.01875 0.036111111111111115
0 0.22682291666666665 0.5666666666666667 0.018229166666666668 0.03518518518518519
0 0.16015625 0.7458333333333333 0.044270833333333336 0.0787037037037037
0 0.13307291666666665 0.7041666666666667 0.0390625 0.07314814814814816
