2 0.38671875 0.7143518518518519 0.15677083333333333 0.3472222222222222
2 0.24088541666666666 0.6129629629629629 0.0890625 0.19074074074074074
2 0.13359375 0.6902777777777778 0.1390625 0.25462962962962965
1 0.34609375 0.5986111111111111 0.0203125 0.049074074074074076
0 0.3731770833333333 0.5976851851851852 0.028645833333333332 0.05277777777777778
1 0.39296875 0.6435185185185185 0.0171875 0.044444444444444446
1 0.4083333333333333 0.6652777777777779 0.019791666666666666 0.03796296296296296
0 0.24244791666666665 0.5675925925925926 0.018229166666666668 0.02962962962962963
0 0.23229166666666667 0.5680555555555555 0.013541666666666667 0.028703703703703703
1 0.12343749999999999 0.612037037037037 0.022916666666666665 0.05
1 0.10572916666666667 0.6166666666666667 0.017708333333333333 0.044444444444444446
