2 0.9187500000000001 0.41634980988593157 0.1625 0.376425855513308
2 0.8150000000000001 0.4296577946768061 0.195 0.46387832699619774
2 0.675 0.48098859315589354 0.265 0.596958174904943
2 0.45375 0.5076045627376425 0.3425 0.7186311787072244
2 0.17250000000000001 0.5627376425855514 0.325 0.8745247148288974
1 0.14125000000000001 0.20912547528517111 0.0725 0.1444866920152091
1 0.42625 0.25285171102661597 0.0675 0.12547528517110265
1 0.59875 0.25665399239543724 0.0475 0.08745247148288973
1 0.7725 0.26045627376425856 0.045 0.08745247148288973
1 0.8375 0.2585551330798479 0.035 0.06844106463878327
