2 0.8924479166666667 0.7263888888888889 0.21510416666666665 0.49722222222222223
2 0.7348958333333333 0.5273148148148148 0.15208333333333332 0.30462962962962964
2 0.67265625 0.5699074074074074 0.21510416666666665 0.38796296296296295
2 0.23151041666666666 0.6347222222222223 0.18697916666666667 0.4027777777777778
0 0.16953125 0.5013888888888889 0.0390625 0.07314814814814816
0 0.21171874999999998 0.48055555555555557 0.044270833333333336 0.061111111111111116
0 0.6291666666666667 0.44907407407407407 0.026041666666666668 0.06666666666666667
0 0.6614583333333334 0.46435185185185185 0.035416666666666666 0.0787037037037037
0 0.8869791666666667 0.5310185185185186 0.07291666666666667 0.1212962962962963
1 0.84453125 0.5824074074074075 0.034895833333333334 0.07222222222222223
1 0.8140625 0.5532407407407408 0.028125 0.0787037037037037
1 0.7192708333333333 0.4439814814814815 0.025 0.05462962962962963
1 0.6776041666666667 0.4115740740740741 0.022916666666666665 0.05462962962962963
