2 0.40625 0.763425925925926 0.17291666666666666 0.47314814814814815
2 0.5158854166666667 0.5680555555555555 0.07552083333333333 0.22870370370370371
2 0.8395833333333333 0.587962962962963 0.07604166666666666 0.2574074074074074
2 0.9489583333333333 0.6560185185185186 0.10208333333333333 0.375
0 0.9846354166666667 0.5263888888888889 0.030729166666666665 0.06944444444444445
0 0.9528645833333333 0.5300925925925926 0.0359375 0.07314814814814816
0 0.8364583333333333 0.48750000000000004 0.01875 0.05462962962962963
0 0.896875 0.5013888888888889 0.027083333333333334 0.04166666666666667
0 0.40703125 0.5773148148148148 0.04114583333333333 0.08981481481481482
0 0.3809895833333333 0.587037037037037 0.034895833333333334 0.07037037037037037
0 0.5174479166666667 0.47962962962962963 0.018229166666666668 0.03333333333333333
0 0.5020833333333333 0.4740740740740741 0.021875 0.02777777777777778
