2 0.9559895833333333 0.587037037037037 0.08802083333333333 0.21296296296296297
2 0.26484375 0.8189814814814815 0.17552083333333332 0.36203703703703705
2 0.4744791666666667 0.6074074074074074 0.071875 0.19074074074074074
2 0.38619791666666664 0.6138888888888889 0.0765625 0.1537037037037037
2 0.29401041666666666 0.6027777777777777 0.06510416666666667 0.1462962962962963
1 0.23958333333333334 0.6800925925925926 0.028125 0.08055555555555556
1 0.21510416666666665 0.674537037037037 0.03125 0.06018518518518519
1 0.30833333333333335 0.5662037037037038 0.0125 0.025
0 0.40572916666666664 0.5638888888888889 0.011458333333333333 0.02777777777777778
0 0.3859375 0.5597222222222222 0.017708333333333333 0.028703703703703703
0 0.4752604166666667 0.5574074074074075 0.015104166666666667 0.02962962962962963
0 0.49505208333333334 0.5546296296296297 0.018229166666666668 0.037037037037037035
0 0.5278645833333333 0.5449074074074074 0.01614583333333333 0.025
0 0.96171875 0.5333333333333333 0.0234375 0.04259259259259259
0 0.9822916666666667 0.5222222222222223 0.021875 0.04259259259259259
