2 0.8869791666666667 0.7759259259259259 0.22604166666666667 0.4481481481481482
0 0.9002604166666667 0.6518518518518519 0.06302083333333333 0.12592592592592594
2 0.4809895833333333 0.6050925925925926 0.07135416666666666 0.24537037037037038
2 0.37864583333333335 0.5736111111111112 0.065625 0.1953703703703704
2 0.296875 0.5587962962962963 0.059375 0.1712962962962963
2 0.22161458333333334 0.5694444444444444 0.050520833333333334 0.17777777777777778
0 0.4864583333333333 0.5231481481481481 0.02395833333333333 0.04814814814814815
0 0.39557291666666666 0.5101851851851852 0.015104166666666667 0.03888888888888889
1 0.3841145833333333 0.5111111111111112 0.009895833333333333 0.031481481481481485
0 0.2973958333333333 0.5041666666666667 0.0125 0.026851851851851852
0 0.22708333333333333 0.5032407407407408 0.015625 0.036111111111111115
