2 0.775 0.44583333333333336 0.07291666666666667 0.13611111111111113
2 0.6864583333333333 0.45462962962962966 0.07291666666666667 0.13518518518518519
2 0.45234375 0.4564814814814815 0.0796875 0.21481481481481482
2 0.3828125 0.42824074074074076 0.06666666666666667 0.19166666666666668
2 0.2739583333333333 0.42638888888888893 0.052083333333333336 0.17500000000000002
2 0.30885416666666665 0.40925925925925927 0.040625 0.18333333333333335
2 0.22135416666666666 0.3976851851851852 0.046875 0.14166666666666666
2 0.09505208333333333 0.36574074074074076 0.03177083333333333 0.12407407407407407
2 0.05755208333333333 0.36064814814814816 0.0234375 0.08055555555555556
2 0.021354166666666667 0.35694444444444445 0.025 0.10092592592592593
1 0.4622395833333333 0.3824074074074074 0.015104166666666667 0.037037037037037035
1 0.4440104166666667 0.38842592592592595 0.013020833333333334 0.032407407407407406
0 0.39869791666666665 0.37453703703703706 0.0171875 0.04351851851851852
0 0.3854166666666667 0.3666666666666667 0.014583333333333334 0.03333333333333333
0 0.31145833333333334 0.35462962962962963 0.015625 0.031481481481481485
0 0.2796875 0.36203703703703705 0.014583333333333334 0.031481481481481485
0 0.23671875 0.3472222222222222 0.01614583333333333 0.02962962962962963
0 0.22343749999999998 0.3462962962962963 0.016666666666666666 0.018518518518518517
0 0.09765625 0.33287037037037037 0.011979166666666666 0.017592592592592594
