2 0.7088541666666667 0.525462962962963 0.1 0.1824074074074074
2 0.9669270833333333 0.5231481481481481 0.06614583333333333 0.21851851851851853
2 0.11666666666666667 0.6097222222222223 0.10416666666666667 0.21944444444444444
2 0.05911458333333333 0.6287037037037038 0.1171875 0.2388888888888889
0 0.019791666666666666 0.5425925925925926 0.020833333333333332 0.05185185185185186
0 0.04453125 0.5583333333333333 0.025520833333333333 0.0462962962962963
0 0.09661458333333334 0.537962962962963 0.022395833333333334 0.03518518518518519
0 0.07630208333333333 0.5291666666666667 0.018229166666666668 0.04537037037037037
0 0.70390625 0.48055555555555557 0.019270833333333334 0.040740740740740744
0 0.7328125 0.47175925925925927 0.017708333333333333 0.04351851851851852
0 0.9885416666666667 0.46481481481481485 0.022916666666666665 0.05185185185185186
