2 0.5287175452399685 0.43688639551192143 0.07710464201416208 0.2370266479663394
2 0.7293469708890638 0.4228611500701262 0.12588512981904013 0.2426367461430575
2 0.8288749016522423 0.41444600280504906 0.10621557828481511 0.18934081346423562
2 0.4217151848937844 0.49719495091164095 0.07553107789142408 0.3913043478260869
2 0.37214791502753736 0.42075736325385693 0.058221872541306056 0.25245441795231416
2 0.22974036191974823 0.4053295932678822 0.12273800157356413 0.20196353436185133
2 0.2938630999213218 0.4123422159887798 0.07789142407553108 0.15988779803646563
1 0.8127458693941778 0.34712482468443195 0.02045633359559402 0.051893408134642355
1 0.7321007081038552 0.3443197755960729 0.022816679779701022 0.03225806451612903
1 0.533831628638867 0.3443197755960729 0.024390243902439025 0.043478260869565216
1 0.4197482297403619 0.35133239831697055 0.03383162863886703 0.06591865357643759
1 0.3733280881195909 0.3394109396914446 0.021243115656963022 0.03927068723702665
1 0.26632572777340674 0.3492286115007013 0.01809598741148702 0.033660589060308554
1 0.22659323367427223 0.34151472650771386 0.022029897718332022 0.043478260869565216
