2 0.44895833333333335 0.7564814814814815 0.2583333333333333 0.4314814814814815
2 0.6893229166666667 0.5157407407407407 0.08489583333333334 0.19814814814814816
2 0.22604166666666667 0.5203703703703704 0.07291666666666667 0.17222222222222222
2 0.09583333333333333 0.5361111111111111 0.07395833333333333 0.16481481481481483
0 0.09713541666666667 0.4986111111111111 0.013020833333333334 0.021296296296296296
0 0.22838541666666667 0.48888888888888893 0.01614583333333333 0.02962962962962963
0 0.690625 0.4569444444444445 0.019791666666666666 0.04166666666666667
1 0.4049479166666667 0.6069444444444445 0.030729166666666665 0.07685185185185185
1 0.37734375 0.6203703703703703 0.018229166666666668 0.06666666666666667
1 0.35651041666666666 0.6041666666666667 0.018229166666666668 0.06759259259259259
