2 0.9627604166666667 0.5333333333333333 0.07447916666666667 0.3037037037037037
2 0.8419270833333333 0.5222222222222223 0.12343749999999999 0.3037037037037037
2 0.7174479166666666 0.5402777777777777 0.10572916666666667 0.36944444444444446
2 0.3614583333333333 0.4847222222222222 0.07916666666666666 0.28055555555555556
2 0.4322916666666667 0.4291666666666667 0.06770833333333333 0.21574074074074076
2 0.26536458333333335 0.3990740740740741 0.04739583333333333 0.15555555555555556
2 0.3268229166666667 0.39351851851851855 0.044270833333333336 0.14444444444444446
0 0.4356770833333333 0.3625 0.013020833333333334 0.026851851851851852
0 0.7122395833333334 0.4101851851851852 0.0234375 0.03333333333333333
0 0.7442708333333333 0.412962962962963 0.03229166666666666 0.05740740740740741
0 0.8513020833333333 0.4287037037037037 0.027604166666666666 0.04814814814814815
0 0.9919270833333333 0.42685185185185187 0.01614583333333333 0.05555555555555556
0 0.35625 0.3907407407407408 0.020833333333333332 0.040740740740740744
0 0.27447916666666666 0.3523148148148148 0.009375 0.03981481481481482
2 0.14661458333333333 0.35833333333333334 0.030729166666666665 0.11666666666666667
2 0.08723958333333333 0.35694444444444445 0.01614583333333333 0.08425925925925926
