2 0.7104166666666667 0.7018518518518518 0.153125 0.3037037037037037
2 0.7518229166666667 0.5967592592592593 0.0921875 0.23981481481481481
2 0.5307291666666667 0.6148148148148148 0.08958333333333333 0.1814814814814815
2 0.47291666666666665 0.6902777777777778 0.14270833333333333 0.275
0 0.46458333333333335 0.587962962962963 0.026041666666666668 0.04814814814814815
0 0.6731770833333334 0.5884259259259259 0.025520833333333333 0.062037037037037036
0 0.7354166666666666 0.5305555555555556 0.020833333333333332 0.03888888888888889
1 0.753125 0.5347222222222222 0.015625 0.036111111111111115
1 0.7036458333333333 0.5851851851851853 0.019791666666666666 0.05
1 0.5236979166666667 0.5550925925925926 0.019270833333333334 0.03981481481481482
0 0.5013020833333334 0.5597222222222222 0.0203125 0.04351851851851852
