0 0.42550790067720085 0.5097292724196277 0.04514672686230248 0.07698815566835872
1 0.4579571106094808 0.521150592216582 0.04571106094808126 0.09983079526226735
1 0.5516365688487584 0.501269035532995 0.02200902934537246 0.04314720812182741
1 0.6094808126410834 0.521150592216582 0.03724604966139954 0.06260575296108291
1 0.6292325056433408 0.5029610829103215 0.03160270880361173 0.06006768189509306
1 0.39390519187358913 0.5126903553299492 0.030474040632054174 0.052453468697123515
1 0.7477426636568848 0.5076142131979695 0.02708803611738149 0.05414551607445008
1 0.9836343115124153 0.5169204737732657 0.01693002257336343 0.03045685279187817
2 0.9802483069977426 0.5727580372250423 0.03950338600451467 0.1742808798646362
2 0.7350451467268623 0.5879864636209814 0.0829571106094808 0.2470389170896785
2 0.6032731376975169 0.637901861252115 0.09255079006772009 0.36209813874788493
2 0.5448645598194131 0.5638747884940778 0.05022573363431151 0.24111675126903553
2 0.4415914221218961 0.6797800338409475 0.17889390519187356 0.5304568527918782
