2 0.878 0.6965174129353233 0.188 0.3880597014925373
2 0.678 0.7562189054726368 0.164 0.417910447761194
2 0.448 0.7412935323383084 0.16 0.417910447761194
2 0.28 0.23134328358208955 0.096 0.24378109452736318
2 0.232 0.7412935323383084 0.184 0.3980099502487562
2 0.08600000000000001 0.7238805970149254 0.156 0.36318407960199006
1 0.08 0.5920398009950248 0.056 0.07960199004975124
1 0.23800000000000002 0.5920398009950248 0.052000000000000005 0.07960199004975124
1 0.28 0.1417910447761194 0.032 0.04477611940298507
1 0.45 0.6019900497512438 0.06 0.08955223880597014
0 0.676 0.6119402985074627 0.056 0.09950248756218905
0 0.892 0.5920398009950248 0.056 0.09950248756218905
