2 0.77265625 0.6203703703703703 0.08697916666666666 0.2796296296296296
2 0.7075520833333333 0.5740740740740741 0.07447916666666667 0.22592592592592595
2 0.62265625 0.5481481481481482 0.07239583333333333 0.1962962962962963
2 0.5552083333333333 0.5472222222222223 0.08125 0.2
2 0.47265625 0.5342592592592593 0.0609375 0.18333333333333335
2 0.3768229166666667 0.5208333333333334 0.0484375 0.13425925925925927
2 0.31015625 0.5064814814814815 0.03697916666666667 0.12407407407407407
2 0.27421875 0.5120370370370371 0.03802083333333333 0.1388888888888889
1 0.7940104166666666 0.5111111111111112 0.021354166666666667 0.040740740740740744
1 0.7752604166666667 0.5125000000000001 0.018229166666666668 0.04351851851851852
1 0.7544270833333333 0.5194444444444445 0.024479166666666666 0.05
0 0.7205729166666667 0.4949074074074074 0.0234375 0.05092592592592593
0 0.6247395833333333 0.48379629629629634 0.019270833333333334 0.032407407407407406
1 0.5770833333333333 0.4842592592592593 0.0125 0.02962962962962963
1 0.5684895833333333 0.48750000000000004 0.0109375 0.028703703703703703
1 0.5588541666666667 0.49074074074074076 0.014583333333333334 0.03518518518518519
0 0.47369791666666666 0.4703703703703704 0.0171875 0.03333333333333333
0 0.37447916666666664 0.46574074074074073 0.015625 0.024074074074074074
0 0.31536458333333334 0.46064814814814814 0.0078125 0.02314814814814815
0 0.3098958333333333 0.4564814814814815 0.00625 0.018518518518518517
0 0.28125 0.4601851851851852 0.013541666666666667 0.02592592592592593
0 0.2703125 0.45833333333333337 0.010416666666666666 0.024074074074074074
2 0.20520833333333333 0.48564814814814816 0.03125 0.10092592592592593
2 0.14140625 0.4689814814814815 0.030729166666666665 0.06574074074074074
0 0.20598958333333334 0.4476851851851852 0.008854166666666666 0.017592592592592594
0 0.19947916666666665 0.44722222222222224 0.008333333333333333 0.016666666666666666
0 0.1421875 0.4425925925925926 0.007291666666666667 0.012962962962962964
