2 0.103125 0.6819444444444445 0.11458333333333333 0.23055555555555557
2 0.35390625 0.8097222222222222 0.24427083333333333 0.3805555555555556
2 0.44817708333333334 0.6074074074074074 0.06510416666666667 0.1574074074074074
2 0.3770833333333333 0.6 0.058333333333333334 0.1425925925925926
1 0.4596354166666667 0.5560185185185186 0.013020833333333334 0.032407407407407406
1 0.08958333333333333 0.6064814814814815 0.02395833333333333 0.040740740740740744
1 0.3731770833333333 0.5606481481481481 0.013020833333333334 0.028703703703703703
0 0.3854166666666667 0.5546296296296297 0.014583333333333334 0.03518518518518519
0 0.4440104166666667 0.5625 0.013020833333333334 0.032407407407407406
0 0.33828125 0.6921296296296297 0.04010416666666666 0.08425925925925926
0 0.2911458333333333 0.6717592592592593 0.05 0.0787037037037037
