2 0.5908854166666666 0.6490740740740741 0.2328125 0.4777777777777778
2 0.7588541666666666 0.4398148148148148 0.09270833333333334 0.1851851851851852
2 0.6005208333333333 0.4324074074074074 0.07291666666666667 0.17037037037037037
0 0.6020833333333333 0.3902777777777778 0.020833333333333332 0.036111111111111115
0 0.7572916666666667 0.3842592592592593 0.016666666666666666 0.03333333333333333
0 0.7755208333333333 0.3800925925925926 0.021875 0.03796296296296296
0 0.5708333333333333 0.49444444444444446 0.04375 0.08703703703703704
0 0.5174479166666667 0.47453703703703703 0.04635416666666667 0.08611111111111111
2 0.06432291666666666 0.5481481481481482 0.12447916666666667 0.2925925925925926
0 0.03177083333333333 0.4439814814814815 0.029166666666666667 0.06018518518518519
