0 0.09583333333333333 0.4527777777777778 0.013541666666666667 0.02592592592592593
0 0.196875 0.45462962962962966 0.011458333333333333 0.020370370370370372
0 0.22395833333333334 0.44953703703703707 0.008333333333333333 0.017592592592592594
0 0.18255208333333334 0.4449074074074074 0.0078125 0.017592592592592594
0 0.17578125 0.4476851851851852 0.008854166666666666 0.019444444444444445
0 0.13333333333333333 0.4393518518518519 0.007291666666666667 0.015740740740740743
2 0.0984375 0.4902777777777778 0.036458333333333336 0.1287037037037037
2 0.1359375 0.4652777777777778 0.020833333333333332 0.0787037037037037
2 0.11145833333333333 0.46342592592592596 0.020833333333333332 0.0638888888888889
2 0.17421875 0.47962962962962963 0.03177083333333333 0.10370370370370371
2 0.2 0.5013888888888889 0.035416666666666666 0.1398148148148148
2 0.22760416666666666 0.4814814814814815 0.034375 0.12037037037037038
