2 0.7567708333333333 0.8125 0.31354166666666666 0.375
2 0.4614583333333333 0.6083333333333334 0.084375 0.17222222222222222
2 0.5247395833333334 0.6050925925925926 0.0546875 0.14166666666666666
2 0.3265625 0.7699074074074075 0.17604166666666665 0.3564814814814815
2 0.2140625 0.7328703703703704 0.11458333333333333 0.2972222222222222
2 0.1125 0.8222222222222223 0.21979166666666666 0.35555555555555557
2 0.2747395833333333 0.600462962962963 0.059895833333333336 0.11574074074074074
0 0.7330729166666666 0.6944444444444444 0.04635416666666667 0.10925925925925926
0 0.6817708333333333 0.675 0.05 0.10555555555555556
0 0.4830729166666667 0.5541666666666667 0.0140625 0.02314814814814815
1 0.4700520833333333 0.5564814814814815 0.011979166666666666 0.02962962962962963
1 0.51953125 0.5574074074074075 0.01614583333333333 0.02592592592592593
0 0.30390625 0.6439814814814815 0.03177083333333333 0.0638888888888889
0 0.3247395833333333 0.6851851851851852 0.024479166666666666 0.0462962962962963
0 0.2630208333333333 0.6361111111111112 0.036458333333333336 0.06481481481481481
0 0.2721354166666667 0.5638888888888889 0.0140625 0.02777777777777778
0 0.28828125 0.5657407407407408 0.0109375 0.02592592592592593
0 0.2203125 0.6203703703703703 0.030208333333333334 0.06666666666666667
0 0.1859375 0.6365740740740741 0.03229166666666666 0.05462962962962963
0 0.0953125 0.7134259259259259 0.04375 0.08425925925925926
1 0.061718749999999996 0.7180555555555556 0.033854166666666664 0.06759259259259259
1 0.05677083333333333 0.6782407407407408 0.035416666666666666 0.062037037037037036
