2 0.14921875 0.6805555555555556 0.1171875 0.2240740740740741
2 0.71328125 0.663425925925926 0.17760416666666667 0.28055555555555556
2 0.8940104166666667 0.587962962962963 0.1171875 0.22222222222222224
1 0.9132812499999999 0.5287037037037037 0.0140625 0.03518518518518519
1 0.8919270833333334 0.5310185185185186 0.0171875 0.032407407407407406
1 0.67265625 0.575462962962963 0.01614583333333333 0.028703703703703703
0 0.6971354166666667 0.5597222222222222 0.025520833333333333 0.05462962962962963
0 0.6578125 0.5648148148148149 0.02395833333333333 0.04814814814814815
0 0.13515625 0.5949074074074074 0.018229166666666668 0.05277777777777778
0 0.11302083333333333 0.5967592592592593 0.021875 0.03796296296296296
