2 0.89921875 0.5995370370370371 0.11822916666666666 0.21203703703703705
2 0.7825520833333334 0.5768518518518518 0.11197916666666667 0.1925925925925926
2 0.4942708333333333 0.6078703703703704 0.075 0.1675925925925926
2 0.3541666666666667 0.6203703703703703 0.09791666666666667 0.2
2 0.2630208333333333 0.6074074074074074 0.0875 0.16296296296296298
1 0.26666666666666666 0.5712962962962963 0.009375 0.024074074074074074
0 0.36223958333333334 0.5574074074074075 0.0234375 0.03333333333333333
1 0.50859375 0.5541666666666667 0.013020833333333334 0.025
1 0.49713541666666666 0.5699074074074074 0.009895833333333333 0.021296296296296296
1 0.48723958333333334 0.5578703703703703 0.009895833333333333 0.02314814814814815
1 0.47942708333333334 0.5745370370370371 0.009895833333333333 0.017592592592592594
1 0.8106770833333333 0.5328703703703704 0.0203125 0.03425925925925926
1 0.7916666666666666 0.5319444444444444 0.016666666666666666 0.032407407407407406
0 0.8838541666666666 0.5333333333333333 0.019791666666666666 0.040740740740740744
0 0.90625 0.5370370370370371 0.016666666666666666 0.03333333333333333
