2 0.678125 0.5935185185185186 0.084375 0.17592592592592593
2 0.5283854166666666 0.800462962962963 0.24739583333333334 0.38796296296296295
2 0.5559895833333334 0.675462962962963 0.14947916666666666 0.25833333333333336
2 0.3140625 0.6171296296296297 0.07708333333333334 0.1638888888888889
2 0.08255208333333333 0.7189814814814816 0.12552083333333333 0.2916666666666667
0 0.6760416666666667 0.5416666666666667 0.016666666666666666 0.044444444444444446
1 0.5231770833333333 0.5736111111111112 0.0171875 0.04351851851851852
1 0.5044270833333333 0.5675925925925926 0.0203125 0.031481481481481485
1 0.5044270833333333 0.6462962962962964 0.04010416666666666 0.07777777777777778
1 0.44635416666666666 0.6541666666666667 0.03229166666666666 0.0787037037037037
0 0.07890625 0.6162037037037037 0.022395833333333334 0.04722222222222222
0 0.3125 0.5592592592592592 0.015625 0.03333333333333333
1 0.33046875 0.5736111111111112 0.0109375 0.026851851851851852
