2 0.8216145833333334 0.7597222222222223 0.2973958333333333 0.48055555555555557
2 0.6213541666666667 0.5833333333333334 0.159375 0.37592592592592594
2 0.43046875 0.6486111111111111 0.21822916666666667 0.48240740740740745
2 0.20703125 0.55 0.16614583333333333 0.31851851851851853
0 0.14947916666666666 0.4351851851851852 0.034375 0.05555555555555556
0 0.1875 0.4291666666666667 0.029166666666666667 0.06574074074074074
0 0.403125 0.5078703703703704 0.04583333333333333 0.09537037037037037
0 0.6364583333333333 0.47870370370370374 0.053125 0.08333333333333334
0 0.721875 0.6097222222222223 0.06145833333333333 0.14907407407407408
0 0.78984375 0.6069444444444445 0.07135416666666666 0.14537037037037037
