0 0.8975 0.47520661157024796 0.06 0.10743801652892562
1 0.615 0.3223140495867769 0.045 0.11570247933884298
1 0.925 0.4297520661157025 0.04 0.09917355371900827
1 0.44 0.2396694214876033 0.06 0.1322314049586777
1 0.4925 0.24793388429752067 0.04 0.12396694214876033
1 0.1625 0.1322314049586777 0.075 0.1487603305785124
1 0.19625 0.10330578512396695 0.0625 0.15702479338842976
2 0.91625 0.6301652892561984 0.1525 0.5909090909090909
2 0.64125 0.5537190082644629 0.1975 0.7024793388429752
2 0.42125 0.49793388429752067 0.2525 0.8223140495867769
2 0.16875 0.48140495867768596 0.2625 0.9380165289256198
