2 0.5924479166666666 0.5736111111111112 0.12447916666666667 0.3675925925925926
2 0.7458333333333333 0.4828703703703704 0.058333333333333334 0.27685185185185185
2 0.8231770833333333 0.5240740740740741 0.0765625 0.32407407407407407
2 0.90859375 0.4203703703703704 0.0453125 0.2111111111111111
2 0.9651041666666667 0.40046296296296297 0.041666666666666664 0.17685185185185187
2 0.2515625 0.46064814814814814 0.10729166666666666 0.23981481481481481
0 0.25026041666666665 0.38657407407407407 0.027604166666666666 0.058333333333333334
1 0.5986979166666666 0.45231481481481484 0.027604166666666666 0.062037037037037036
1 0.7518229166666667 0.39861111111111114 0.021354166666666667 0.058333333333333334
1 0.7356770833333334 0.42592592592592593 0.018229166666666668 0.044444444444444446
1 0.8223958333333333 0.42129629629629634 0.022916666666666665 0.07222222222222223
1 0.9093749999999999 0.3652777777777778 0.022916666666666665 0.03796296296296296
1 0.9638020833333333 0.34814814814814815 0.021354166666666667 0.044444444444444446
