2 0.9268229166666666 0.6138888888888889 0.09427083333333333 0.24074074074074076
2 0.7341145833333333 0.6046296296296296 0.10260416666666666 0.2425925925925926
2 0.47682291666666665 0.8087962962962963 0.2359375 0.3416666666666667
2 0.33880208333333334 0.7291666666666667 0.13489583333333333 0.3175925925925926
2 0.24479166666666666 0.7916666666666667 0.19479166666666667 0.37592592592592594
0 0.23177083333333334 0.6675925925925926 0.05520833333333333 0.08148148148148149
0 0.31328125 0.6472222222222223 0.03177083333333333 0.08703703703703704
0 0.3421875 0.6398148148148148 0.034375 0.06666666666666667
0 0.38671875 0.6953703703703704 0.0421875 0.08518518518518518
0 0.440625 0.6962962962962963 0.040625 0.10925925925925926
0 0.7408854166666666 0.5462962962962963 0.018229166666666668 0.040740740740740744
0 0.9260416666666667 0.5481481481481482 0.020833333333333332 0.044444444444444446
0 0.94765625 0.5444444444444445 0.024479166666666666 0.044444444444444446
