2 0.8898437499999999 0.7805555555555556 0.20989583333333334 0.4166666666666667
2 0.64921875 0.6995370370370371 0.1609375 0.30092592592592593
2 0.4434895833333333 0.7546296296296297 0.18177083333333333 0.34074074074074073
2 0.28828125 0.7935185185185185 0.2421875 0.37962962962962965
2 0.06848958333333333 0.6907407407407408 0.12864583333333332 0.27222222222222225
0 0.029166666666666667 0.6064814814814815 0.021875 0.0462962962962963
0 0.05364583333333333 0.6046296296296296 0.017708333333333333 0.05740740740740741
0 0.275 0.6800925925925926 0.04375 0.08425925925925926
0 0.3890625 0.6236111111111111 0.030208333333333334 0.0638888888888889
0 0.42135416666666664 0.6291666666666667 0.025 0.06574074074074074
0 0.5958333333333333 0.5949074074074074 0.028125 0.05277777777777778
0 0.62578125 0.6032407407407407 0.028645833333333332 0.06574074074074074
0 0.9239583333333333 0.6722222222222223 0.040625 0.10185185185185186
2 0.45989583333333334 0.6143518518518519 0.06770833333333333 0.2064814814814815
0 0.45078124999999997 0.5523148148148148 0.0203125 0.028703703703703703
