2 0.547093023255814 0.6422338568935427 0.0872093023255814 0.16753926701570682
2 0.5976744186046512 0.8167539267015707 0.06046511627906977 0.21291448516579406
2 0.48546511627906974 0.7705061082024433 0.08488372093023255 0.21465968586387435
2 0.3540697674418605 0.7652705061082025 0.07093023255813953 0.22164048865619546
2 0.14825581395348836 0.9336823734729494 0.09651162790697675 0.13263525305410123
2 0.2063953488372093 0.5933682373472949 0.0872093023255814 0.17801047120418848
1 0.5918604651162791 0.7390924956369983 0.018604651162790697 0.03315881326352531
1 0.5406976744186046 0.5750436300174521 0.020930232558139535 0.03315881326352531
1 0.4819767441860465 0.693717277486911 0.019767441860465116 0.04363001745200698
1 0.35174418604651164 0.6849912739965096 0.026744186046511628 0.029668411867364748
1 0.20232558139534884 0.5331588132635253 0.020930232558139535 0.03664921465968587
1 0.14011627906976745 0.8917975567190227 0.026744186046511628 0.041884816753926704
