1 0.967 0.3483483483483483 0.054 0.12012012012012012
1 0.915 0.37237237237237236 0.046 0.09009009009009009
1 0.544 0.4039039039039039 0.044 0.0990990990990991
1 0.513 0.3768768768768769 0.05 0.10510510510510511
1 0.451 0.34234234234234234 0.038 0.07207207207207207
1 0.742 0.35585585585585583 0.016 0.03303303303303303
2 0.767 0.43243243243243246 0.09 0.2222222222222222
2 0.902 0.6021021021021021 0.196 0.7057057057057057
2 0.54 0.6156156156156156 0.17200000000000001 0.6366366366366366
2 0.417 0.46846846846846846 0.158 0.3483483483483483
