0 0.8021739130434783 0.3899782135076253 0.04492753623188406 0.08714596949891068
0 0.8528985507246377 0.3845315904139434 0.04492753623188406 0.08496732026143791
0 0.6115942028985507 0.40631808278867104 0.052173913043478265 0.08496732026143791
1 0.527536231884058 0.3583877995642702 0.03188405797101449 0.05882352941176471
0 0.4797101449275362 0.411764705882353 0.04927536231884058 0.08714596949891068
0 0.21521739130434783 0.4161220043572985 0.04492753623188406 0.10021786492374729
0 0.29782608695652174 0.37581699346405234 0.036231884057971016 0.07189542483660132
0 0.3884057971014493 0.3474945533769064 0.02318840579710145 0.06318082788671024
2 0.3891304347826087 0.4281045751633987 0.09420289855072464 0.30718954248366015
2 0.30869565217391304 0.49891067538126366 0.1246376811594203 0.3790849673202615
2 0.21521739130434783 0.6252723311546842 0.18695652173913044 0.6143790849673203
2 0.48768115942028983 0.6013071895424837 0.15507246376811595 0.5228758169934641
2 0.5434782608695652 0.4281045751633987 0.08695652173913043 0.24183006535947715
2 0.6413043478260869 0.5784313725490197 0.16376811594202897 0.4509803921568628
2 0.8956521739130435 0.5392156862745099 0.14492753623188406 0.4596949891067539
2 0.7992753623188406 0.5642701525054467 0.21304347826086956 0.5533769063180829
