2 0.65703125 0.5504629629629629 0.10260416666666666 0.21203703703703705
2 0.9067708333333333 0.5476851851851852 0.109375 0.2564814814814815
2 0.8403645833333333 0.7837962962962963 0.2703125 0.4287037037037037
2 0.3653645833333333 0.7319444444444445 0.22760416666666666 0.41574074074074074
2 0.13151041666666666 0.8023148148148148 0.1578125 0.39537037037037037
0 0.09244791666666667 0.6449074074074075 0.044270833333333336 0.08055555555555556
0 0.32708333333333334 0.5935185185185186 0.04479166666666667 0.0925925925925926
0 0.6565104166666667 0.48564814814814816 0.025520833333333333 0.05092592592592593
0 0.90859375 0.4740740740740741 0.030729166666666665 0.0462962962962963
0 0.809375 0.6310185185185185 0.06354166666666666 0.10648148148148148
0 0.7393229166666666 0.6203703703703703 0.05364583333333333 0.0962962962962963
