1 0.7781250000000001 0.33902877697841727 0.03875 0.07733812949640288
1 0.4875 0.2994604316546763 0.05 0.0881294964028777
1 0.176875 0.2949640287769784 0.051250000000000004 0.08633093525179857
1 0.361875 0.25269784172661874 0.03625 0.06294964028776978
2 0.34625 0.3615107913669065 0.11 0.32374100719424465
2 0.464375 0.5098920863309353 0.13375 0.5737410071942446
2 0.574375 0.5800359712230216 0.16125 0.631294964028777
2 0.775 0.4946043165467626 0.105 0.4712230215827338
2 0.89625 0.5827338129496403 0.1875 0.6366906474820144
2 0.185 0.48741007194244607 0.2125 0.564748201438849
2 0.090625 0.39748201438848924 0.11875000000000001 0.4460431654676259
0 0.104375 0.2652877697841727 0.051250000000000004 0.0881294964028777
0 0.57125 0.33723021582733814 0.07 0.10971223021582735
0 0.914375 0.38579136690647486 0.07375 0.13489208633093525
0 0.7525000000000001 0.2985611510791367 0.06 0.08633093525179857
0 0.705 0.3039568345323741 0.045 0.07194244604316546
1 0.416875 0.30665467625899284 0.03875 0.07733812949640288
1 0.26937500000000003 0.262589928057554 0.02875 0.06115107913669065
