2 0.6442708333333333 0.5953703703703704 0.08645833333333333 0.19814814814814816
2 0.5192708333333333 0.7069444444444445 0.14895833333333333 0.2990740740740741
2 0.42942708333333335 0.8087962962962963 0.21927083333333333 0.3472222222222222
2 0.8153645833333333 0.8101851851851852 0.25885416666666666 0.37592592592592594
2 0.81796875 0.7171296296296297 0.23697916666666666 0.33425925925925926
0 0.7924479166666667 0.6180555555555556 0.044270833333333336 0.058333333333333334
0 0.734375 0.6074074074074074 0.034375 0.06481481481481481
0 0.7796875 0.6773148148148148 0.057291666666666664 0.08981481481481482
0 0.6546875 0.5472222222222223 0.019791666666666666 0.031481481481481485
0 0.4809895833333333 0.5958333333333333 0.0390625 0.0638888888888889
0 0.40911458333333334 0.7055555555555556 0.049479166666666664 0.10370370370370371
