2 0.17942708333333332 0.7453703703703703 0.20677083333333332 0.3703703703703704
2 0.7606770833333333 0.5185185185185185 0.07864583333333333 0.19444444444444445
2 0.9005208333333333 0.6995370370370371 0.19895833333333332 0.42685185185185187
2 0.29453125 0.5185185185185185 0.057812499999999996 0.13703703703703704
0 0.30026041666666664 0.48750000000000004 0.022395833333333334 0.03796296296296296
0 0.16197916666666667 0.5990740740740741 0.03958333333333333 0.08148148148148149
0 0.7697916666666667 0.45462962962962966 0.01875 0.04259259259259259
0 0.7513020833333334 0.4527777777777778 0.019270833333333334 0.031481481481481485
0 0.8932291666666666 0.5555555555555556 0.040625 0.08703703703703704
0 0.8265625 0.5555555555555556 0.04375 0.08148148148148149
