2 0.7098958333333333 0.762962962962963 0.15833333333333333 0.44074074074074077
2 0.36875 0.6361111111111112 0.09375 0.31851851851851853
2 0.175 0.587962962962963 0.05520833333333333 0.22222222222222224
2 0.21015625 0.5620370370370371 0.03697916666666667 0.2
2 0.12213541666666666 0.5402777777777777 0.050520833333333334 0.18055555555555555
1 0.7466145833333333 0.612037037037037 0.0421875 0.0925925925925926
1 0.70078125 0.600925925925926 0.0296875 0.07407407407407407
1 0.38255208333333335 0.5333333333333333 0.0234375 0.05185185185185186
1 0.36432291666666666 0.5333333333333333 0.0203125 0.03888888888888889
1 0.20390624999999998 0.4986111111111111 0.013020833333333334 0.030555555555555558
0 0.18125 0.5050925925925926 0.025 0.04351851851851852
0 0.1265625 0.48194444444444445 0.017708333333333333 0.028703703703703703
