2 0.9546875 0.65 0.0625 0.22037037037037038
2 0.8848958333333333 0.5976851851851852 0.040625 0.11018518518518519
2 0.6104166666666666 0.6449074074074075 0.053125 0.13425925925925927
2 0.3059895833333333 0.7402777777777778 0.11614583333333334 0.28425925925925927
2 0.22994791666666667 0.7074074074074075 0.09427083333333333 0.2351851851851852
1 0.24401041666666667 0.6361111111111112 0.0203125 0.03888888888888889
1 0.2625 0.6314814814814815 0.016666666666666666 0.03888888888888889
1 0.23411458333333332 0.6662037037037037 0.015104166666666667 0.030555555555555558
0 0.30807291666666664 0.6398148148148148 0.022395833333333334 0.05555555555555556
0 0.3325520833333333 0.6277777777777778 0.025520833333333333 0.05740740740740741
0 0.9447916666666667 0.5694444444444444 0.019791666666666666 0.03333333333333333
0 0.8911458333333333 0.5592592592592592 0.0125 0.031481481481481485
