1 0.8090452261306533 0.3008720930232558 0.02680067001675042 0.07267441860465117
1 0.5921273031825796 0.6308139534883721 0.038525963149078725 0.08139534883720931
1 0.4983249581239531 0.4433139534883721 0.04187604690117253 0.07848837209302326
1 0.38023450586264657 0.40261627906976744 0.02680067001675042 0.055232558139534885
1 0.18592964824120603 0.48110465116279066 0.03015075376884422 0.061046511627906974
1 0.14991624790619765 0.48546511627906974 0.02847571189279732 0.05813953488372093
1 0.11892797319932999 0.33430232558139533 0.03015075376884422 0.05813953488372093
1 0.2629815745393635 0.22674418604651161 0.02680067001675042 0.05813953488372093
0 0.3157453936348409 0.45494186046511625 0.04187604690117253 0.06686046511627906
0 0.7680067001675042 0.4171511627906977 0.035175879396984924 0.07267441860465117
2 0.8442211055276382 0.375 0.1574539363484087 0.37790697674418605
2 0.7830820770519263 0.5319767441860465 0.12897822445561138 0.36627906976744184
2 0.583752093802345 0.7776162790697674 0.12227805695142378 0.40988372093023256
2 0.5134003350083752 0.5872093023255814 0.12227805695142378 0.436046511627907
2 0.4036850921273032 0.4956395348837209 0.12395309882747069 0.3168604651162791
2 0.32914572864321606 0.5726744186046512 0.152428810720268 0.3488372093023256
2 0.25963149078726966 0.3226744186046512 0.08375209380234507 0.29069767441860467
2 0.19597989949748745 0.6148255813953488 0.16080402010050251 0.33430232558139533
2 0.11055276381909548 0.43023255813953487 0.08710217755443886 0.3546511627906977
