2 0.4783854166666667 0.5472222222222223 0.0671875 0.2
2 0.3416666666666667 0.5166666666666667 0.05 0.15
2 0.3768229166666667 0.5101851851851852 0.043229166666666666 0.16481481481481483
0 0.33984375 0.4671296296296297 0.021354166666666667 0.026851851851851852
0 0.37135416666666665 0.46111111111111114 0.020833333333333332 0.031481481481481485
0 0.47812499999999997 0.47314814814814815 0.014583333333333334 0.02592592592592593
0 0.48802083333333335 0.47361111111111115 0.014583333333333334 0.04722222222222222
0 0.8890625 0.5273148148148148 0.03229166666666666 0.05462962962962963
0 0.8346354166666666 0.49074074074074076 0.024479166666666666 0.0462962962962963
2 0.8278645833333333 0.562962962962963 0.07760416666666667 0.21666666666666667
2 0.8859374999999999 0.6736111111111112 0.10416666666666667 0.375
