2 0.47421874999999997 0.6125 0.07864583333333333 0.225
2 0.25390625 0.700925925925926 0.14739583333333334 0.28703703703703703
2 0.17552083333333332 0.8078703703703703 0.184375 0.3564814814814815
2 0.058854166666666666 0.6819444444444445 0.08333333333333333 0.18981481481481483
0 0.4947916666666667 0.5592592592592592 0.02395833333333333 0.04259259259259259
0 0.22552083333333334 0.6203703703703703 0.026041666666666668 0.053703703703703705
0 0.20234375 0.6074074074074074 0.019270833333333334 0.05740740740740741
0 0.15651041666666665 0.6620370370370371 0.04114583333333333 0.09444444444444444
0 0.12161458333333333 0.6648148148148149 0.0390625 0.07407407407407407
1 0.06979166666666667 0.6476851851851853 0.013541666666666667 0.028703703703703703
1 0.050520833333333334 0.6157407407407408 0.0125 0.031481481481481485
1 0.03854166666666667 0.6138888888888889 0.016666666666666666 0.037037037037037035
