2 0.6854166666666667 0.5027777777777778 0.128125 0.3111111111111111
2 0.7783854166666666 0.4449074074074074 0.06197916666666667 0.11574074074074074
2 0.43359375 0.44212962962962965 0.0546875 0.1953703703703704
2 0.38828125 0.46481481481481485 0.07239583333333333 0.22037037037037038
2 0.32057291666666665 0.48240740740740745 0.0921875 0.25925925925925924
2 0.06692708333333333 0.35833333333333334 0.027604166666666666 0.0925925925925926
2 0.015364583333333333 0.34490740740740744 0.0296875 0.10092592592592593
1 0.01484375 0.325 0.011979166666666666 0.018518518518518517
1 0.06848958333333333 0.3314814814814815 0.008854166666666666 0.020370370370370372
1 0.3515625 0.3731481481481482 0.015625 0.03518518518518519
0 0.33203125 0.37824074074074077 0.024479166666666666 0.04722222222222222
0 0.3854166666666667 0.3791666666666667 0.011458333333333333 0.03796296296296296
0 0.40260416666666665 0.38333333333333336 0.016666666666666666 0.037037037037037035
0 0.428125 0.3736111111111111 0.017708333333333333 0.026851851851851852
0 0.6966145833333334 0.4101851851851852 0.0234375 0.040740740740740744
0 0.7190104166666667 0.41481481481481486 0.0390625 0.06666666666666667
