2 0.9432291666666667 0.701388888888889 0.11354166666666667 0.33796296296296297
2 0.3692708333333333 0.5768518518518518 0.053125 0.1537037037037037
2 0.2953125 0.5731481481481482 0.04895833333333333 0.16481481481481483
2 0.09817708333333333 0.5189814814814815 0.0359375 0.10833333333333334
2 0.14505208333333333 0.5226851851851853 0.03802083333333333 0.10462962962962963
0 0.9776041666666666 0.5791666666666667 0.029166666666666667 0.04351851851851852
1 0.30104166666666665 0.5106481481481482 0.014583333333333334 0.019444444444444445
0 0.2947916666666667 0.5018518518518519 0.011458333333333333 0.02592592592592593
1 0.3734375 0.5189814814814815 0.015625 0.026851851851851852
0 0.09765625 0.4828703703703704 0.015104166666666667 0.02314814814814815
