2 0.8276041666666667 0.5777777777777778 0.11979166666666667 0.23148148148148148
2 0.5309895833333333 0.6023148148148149 0.0734375 0.16574074074074074
2 0.34713541666666664 0.5981481481481482 0.06197916666666667 0.12037037037037038
2 0.14583333333333334 0.6157407407407408 0.06458333333333333 0.13703703703703704
1 0.85 0.5319444444444444 0.01875 0.036111111111111115
0 0.8294270833333334 0.5375 0.0171875 0.03425925925925926
1 0.53828125 0.5509259259259259 0.013020833333333334 0.02962962962962963
0 0.5223958333333333 0.5486111111111112 0.0125 0.032407407407407406
0 0.34479166666666666 0.563425925925926 0.011458333333333333 0.021296296296296296
0 0.15651041666666665 0.5703703703703704 0.011979166666666666 0.02592592592592593
0 0.14322916666666666 0.576388888888889 0.01875 0.025
