2 0.58359375 0.6231481481481481 0.1171875 0.24629629629629632
0 0.6036458333333333 0.5347222222222222 0.020833333333333332 0.05092592592592593
0 0.58203125 0.5356481481481482 0.0234375 0.03796296296296296
2 0.10703125 0.5305555555555556 0.033854166666666664 0.12962962962962962
2 0.16692708333333334 0.5337962962962963 0.0265625 0.1175925925925926
2 0.19427083333333334 0.5324074074074074 0.027083333333333334 0.10740740740740741
2 0.28359375 0.562962962962963 0.04010416666666666 0.1574074074074074
0 0.28098958333333335 0.5018518518518519 0.0140625 0.02962962962962963
0 0.19192708333333333 0.49259259259259264 0.011979166666666666 0.020370370370370372
0 0.16614583333333333 0.48750000000000004 0.0125 0.021296296296296296
0 0.10677083333333333 0.4902777777777778 0.014583333333333334 0.030555555555555558
