2 0.6625 0.7768518518518519 0.253125 0.3907407407407408
2 0.39296875 0.8097222222222222 0.26927083333333335 0.3805555555555556
2 0.12916666666666665 0.6217592592592592 0.05520833333333333 0.09722222222222222
2 0.08046875 0.625462962962963 0.058854166666666666 0.10648148148148148
0 0.6255208333333333 0.625925925925926 0.035416666666666666 0.07777777777777778
0 0.3580729166666667 0.6685185185185185 0.050520833333333334 0.09814814814814815
1 0.5828125 0.6615740740740741 0.034375 0.058333333333333334
1 0.6536458333333334 0.6921296296296297 0.03229166666666666 0.049074074074074076
1 0.12421875 0.5814814814814815 0.013020833333333334 0.020370370370370372
0 0.090625 0.5796296296296296 0.011458333333333333 0.018518518518518517
1 0.07994791666666666 0.5833333333333334 0.009895833333333333 0.022222222222222223
