2 0.8809895833333333 0.5972222222222222 0.1171875 0.23333333333333334
2 0.7651041666666667 0.7935185185185185 0.271875 0.3962962962962963
2 0.42916666666666664 0.7523148148148149 0.20208333333333334 0.3824074074074074
2 0.24270833333333333 0.8208333333333334 0.1875 0.35833333333333334
2 0.075 0.7976851851851852 0.13229166666666667 0.3527777777777778
0 0.06692708333333333 0.6689814814814815 0.030729166666666665 0.0712962962962963
0 0.22526041666666666 0.7055555555555556 0.05260416666666667 0.07592592592592592
0 0.42135416666666664 0.6319444444444444 0.04375 0.07685185185185185
0 0.37395833333333334 0.6101851851851852 0.0375 0.07037037037037037
0 0.66875 0.6620370370370371 0.046875 0.10370370370370371
0 0.7421875 0.6615740740740741 0.04791666666666666 0.09351851851851853
0 0.8708333333333333 0.5212962962962964 0.01875 0.04814814814814815
