2 0.7111979166666667 0.4666666666666667 0.07552083333333333 0.21851851851851853
2 0.9463541666666666 0.5 0.07083333333333333 0.2796296296296296
2 0.7067708333333333 0.7662037037037037 0.2895833333333333 0.45833333333333337
2 0.30104166666666665 0.6837962962962963 0.19375 0.4527777777777778
2 0.45651041666666664 0.45231481481481484 0.06510416666666667 0.22314814814814815
2 0.2708333333333333 0.42453703703703705 0.06458333333333333 0.19722222222222224
1 0.27734375 0.36574074074074076 0.022395833333333334 0.044444444444444446
1 0.45234375 0.3685185185185185 0.0171875 0.037037037037037035
1 0.29401041666666666 0.5208333333333334 0.0390625 0.08611111111111111
1 0.95859375 0.41250000000000003 0.0234375 0.05462962962962963
1 0.7130208333333333 0.38287037037037036 0.014583333333333334 0.04351851851851852
1 0.7817708333333333 0.712962962962963 0.04895833333333333 0.13518518518518519
1 0.6348958333333333 0.6166666666666667 0.07604166666666666 0.13518518518518519
