2 0.37777777777777777 0.6236111111111111 0.4666666666666667 0.6944444444444444
2 0.625925925925926 0.3701388888888889 0.08888888888888889 0.16527777777777777
2 0.7796296296296297 0.37083333333333335 0.09444444444444444 0.17777777777777778
1 0.22268518518518518 0.3902777777777778 0.062037037037037036 0.11388888888888889
1 0.26481481481481484 0.45416666666666666 0.04259259259259259 0.075
1 0.34074074074074073 0.3611111111111111 0.061111111111111116 0.125
1 0.38472222222222224 0.4305555555555556 0.05462962962962963 0.10833333333333334
0 0.625 0.33194444444444443 0.02592592592592593 0.03888888888888889
1 0.7726851851851853 0.33263888888888893 0.010185185185185186 0.029166666666666667
1 0.7935185185185185 0.3368055555555556 0.014814814814814815 0.02638888888888889
