2 0.9421875 0.649537037037037 0.11562499999999999 0.36203703703703705
2 0.46041666666666664 0.788888888888889 0.23333333333333334 0.4222222222222222
2 0.2877604166666667 0.7236111111111111 0.13177083333333334 0.3842592592592593
2 0.05625 0.7050925925925926 0.11145833333333333 0.35833333333333334
0 0.022395833333333334 0.5851851851851853 0.034375 0.06666666666666667
0 0.27708333333333335 0.5884259259259259 0.040625 0.07685185185185185
0 0.4203125 0.6351851851851852 0.04895833333333333 0.08333333333333334
0 0.37421875 0.6361111111111112 0.04010416666666666 0.07962962962962963
0 0.9213541666666667 0.5412037037037037 0.03125 0.075
0 0.9669270833333333 0.5259259259259259 0.04010416666666666 0.07962962962962963
