2 0.7528645833333333 0.5083333333333333 0.1015625 0.2888888888888889
2 0.6622395833333333 0.5449074074074074 0.11822916666666666 0.36574074074074076
2 0.3638020833333333 0.4226851851851852 0.06197916666666667 0.1824074074074074
2 0.28072916666666664 0.39814814814814814 0.06458333333333333 0.15555555555555556
2 0.19114583333333332 0.38101851851851853 0.041666666666666664 0.1398148148148148
0 0.2942708333333333 0.34351851851851856 0.014583333333333334 0.02962962962962963
0 0.27630208333333334 0.34675925925925927 0.01614583333333333 0.030555555555555558
0 0.36484375 0.35000000000000003 0.015104166666666667 0.022222222222222223
0 0.6604166666666667 0.41435185185185186 0.022916666666666665 0.049074074074074076
0 0.7541666666666667 0.4050925925925926 0.022916666666666665 0.058333333333333334
0 0.7380208333333333 0.4064814814814815 0.015625 0.037037037037037035
1 0.68671875 0.4166666666666667 0.027604166666666666 0.06666666666666667
