2 0.11796875 0.3814814814814815 0.04635416666666667 0.1277777777777778
2 0.20572916666666666 0.39490740740740743 0.04895833333333333 0.13611111111111113
2 0.7802083333333333 0.5990740740740741 0.165625 0.4481481481481482
2 0.684375 0.4513888888888889 0.065625 0.12685185185185185
0 0.7924479166666667 0.44537037037037036 0.034895833333333334 0.07037037037037037
0 0.8315104166666667 0.45833333333333337 0.04010416666666666 0.07777777777777778
1 0.81640625 0.5023148148148149 0.022395833333333334 0.03981481481481482
1 0.2125 0.35370370370370374 0.010416666666666666 0.02592592592592593
1 0.20390624999999998 0.3527777777777778 0.0067708333333333336 0.018518518518518517
1 0.12057291666666667 0.3402777777777778 0.0171875 0.02314814814814815
