2 0.7940104166666666 0.5231481481481481 0.14114583333333333 0.32222222222222224
2 0.5809895833333333 0.48564814814814816 0.0890625 0.28240740740740744
2 0.6494791666666666 0.4949074074074074 0.07395833333333333 0.24351851851851852
2 0.5041666666666667 0.4476851851851852 0.06354166666666666 0.2212962962962963
2 0.434375 0.42638888888888893 0.057291666666666664 0.21203703703703705
0 0.8341145833333333 0.41481481481481486 0.028645833333333332 0.06666666666666667
0 0.7864583333333334 0.4175925925925926 0.03125 0.05
0 0.6416666666666666 0.4078703703703704 0.019791666666666666 0.05277777777777778
0 0.6028645833333334 0.3902777777777778 0.025520833333333333 0.058333333333333334
0 0.5815104166666667 0.38657407407407407 0.027604166666666666 0.05277777777777778
0 0.5059895833333333 0.3726851851851852 0.024479166666666666 0.03425925925925926
0 0.45234375 0.362962962962963 0.0171875 0.037037037037037035
0 0.43307291666666664 0.36388888888888893 0.0171875 0.03333333333333333
