2 0.678125 0.5939814814814816 0.06875 0.18796296296296297
2 0.6182291666666666 0.7967592592592593 0.23541666666666666 0.4064814814814815
2 0.37135416666666665 0.825462962962963 0.21979166666666666 0.3490740740740741
2 0.203125 0.6152777777777778 0.06041666666666667 0.16203703703703703
2 0.07057291666666667 0.826388888888889 0.14010416666666667 0.3175925925925926
0 0.021875 0.7185185185185186 0.03854166666666667 0.07777777777777778
0 0.371875 0.7314814814814815 0.041666666666666664 0.08518518518518518
0 0.33125 0.7328703703703704 0.029166666666666667 0.09537037037037037
0 0.5916666666666667 0.6666666666666667 0.04791666666666666 0.10185185185185186
0 0.6752604166666667 0.5402777777777777 0.021354166666666667 0.03425925925925926
0 0.80078125 0.5398148148148149 0.018229166666666668 0.040740740740740744
0 0.20182291666666666 0.5671296296296297 0.0109375 0.028703703703703703
1 0.21041666666666667 0.575462962962963 0.0125 0.021296296296296296
2 0.79375 0.5662037037037038 0.04791666666666666 0.13611111111111113
