2 0.46197916666666666 0.7560185185185185 0.18125 0.3805555555555556
2 0.3450520833333333 0.625462962962963 0.11822916666666666 0.2990740740740741
2 0.15026041666666667 0.6939814814814815 0.1203125 0.33425925925925926
0 0.121875 0.5652777777777778 0.028125 0.0712962962962963
0 0.37005208333333334 0.5439814814814815 0.0359375 0.075
0 0.4239583333333333 0.6046296296296296 0.04479166666666667 0.08703703703703704
2 0.9510416666666667 0.6527777777777778 0.09791666666666667 0.4
0 0.9471354166666667 0.5388888888888889 0.03697916666666667 0.07222222222222223
0 0.9828125 0.5217592592592593 0.03125 0.08981481481481482
0 0.9171874999999999 0.5023148148148149 0.029166666666666667 0.075
