2 0.8505208333333333 0.6490740740740741 0.21875 0.39814814814814814
2 0.6872395833333333 0.688425925925926 0.1921875 0.4342592592592593
2 0.5473958333333333 0.7620370370370371 0.2635416666666667 0.4759259259259259
2 0.2625 0.6055555555555556 0.09791666666666667 0.2
0 0.23854166666666665 0.5291666666666667 0.029166666666666667 0.05648148148148149
0 0.53515625 0.6263888888888889 0.0390625 0.08981481481481482
0 0.6796875 0.5578703703703703 0.03958333333333333 0.0712962962962963
0 0.6388020833333333 0.5694444444444444 0.028645833333333332 0.06851851851851852
0 0.8388020833333333 0.537962962962963 0.0328125 0.07407407407407407
0 0.7869791666666667 0.5509259259259259 0.030208333333333334 0.061111111111111116
0 0.9562499999999999 0.5 0.015625 0.03333333333333333
2 0.95859375 0.5175925925925926 0.059895833333333336 0.12037037037037038
1 0.9723958333333333 0.5050925925925926 0.015625 0.03425925925925926
1 0.49244791666666665 0.6194444444444445 0.0421875 0.07777777777777778
1 0.803125 0.600925925925926 0.013541666666666667 0.040740740740740744
