2 0.8942708333333333 0.8282407407407407 0.21145833333333333 0.33796296296296297
2 0.6518229166666667 0.8032407407407408 0.21510416666666665 0.39351851851851855
2 0.4473958333333333 0.6134259259259259 0.08645833333333333 0.20833333333333334
2 0.27421875 0.687962962962963 0.12447916666666667 0.23148148148148148
1 0.23906249999999998 0.6203703703703703 0.017708333333333333 0.037037037037037035
1 0.26796875 0.6013888888888889 0.019270833333333334 0.036111111111111115
1 0.6265625 0.6578703703703704 0.046875 0.08981481481481482
1 0.9333333333333333 0.7319444444444445 0.06458333333333333 0.10462962962962963
1 0.8466145833333333 0.7398148148148148 0.050520833333333334 0.1277777777777778
0 0.5908854166666666 0.6671296296296296 0.03697916666666667 0.08055555555555556
0 0.4661458333333333 0.5550925925925926 0.015625 0.03425925925925926
0 0.4515625 0.5550925925925926 0.022916666666666665 0.036111111111111115
1 0.58515625 0.5726851851851852 0.0234375 0.05277777777777778
1 0.5588541666666667 0.5875 0.021875 0.05092592592592593
2 0.5692708333333333 0.6467592592592593 0.08020833333333333 0.24722222222222223
