2 0.765625 0.5694444444444444 0.08854166666666667 0.3314814814814815
0 0.75078125 0.45740740740740743 0.0296875 0.07222222222222223
0 0.6645833333333333 0.575462962962963 0.052083333333333336 0.11018518518518519
0 0.43046875 0.5296296296296297 0.043229166666666666 0.09814814814814815
2 0.6653645833333334 0.7300925925925926 0.22343749999999998 0.5175925925925926
2 0.428125 0.6870370370370371 0.15833333333333333 0.5296296296296297
2 0.19270833333333334 0.6851851851851852 0.21458333333333332 0.5537037037037037
1 0.190625 0.5203703703703704 0.05 0.11111111111111112
1 0.64140625 0.46944444444444444 0.03802083333333333 0.07962962962962963
1 0.6778645833333333 0.5050925925925926 0.028645833333333332 0.0638888888888889
2 0.6744791666666666 0.5671296296296297 0.153125 0.36388888888888893
