2 0.1561181434599156 0.6457680250783698 0.1772151898734177 0.3448275862068965
2 0.350210970464135 0.5909090909090909 0.2151898734177215 0.3103448275862069
2 0.4831223628691983 0.5297805642633229 0.08860759493670885 0.23197492163009403
2 0.5632911392405063 0.49373040752351094 0.08438818565400844 0.1786833855799373
2 0.7869198312236286 0.609717868338558 0.22784810126582278 0.335423197492163
2 0.6424050632911392 0.7335423197492162 0.25949367088607594 0.45141065830721
0 0.7637130801687763 0.5141065830721003 0.03375527426160337 0.06269592476489028
0 0.7109704641350211 0.5266457680250783 0.04641350210970464 0.05642633228840125
0 0.6666666666666666 0.5705329153605015 0.07594936708860758 0.13166144200626959
0 0.4683544303797468 0.4404388714733542 0.02109704641350211 0.04075235109717868
0 0.561181434599156 0.4404388714733542 0.02109704641350211 0.034482758620689655
0 0.3312236286919831 0.48275862068965514 0.03375527426160337 0.06269592476489028
0 0.14135021097046413 0.5203761755485893 0.0590717299578059 0.07523510971786834
0 0.09388185654008438 0.5517241379310345 0.040084388185654005 0.06269592476489028
1 0.29008438818565396 0.5172413793103449 0.03164556962025316 0.050156739811912224
1 0.26476793248945146 0.5015673981191222 0.02742616033755274 0.050156739811912224
1 0.5390295358649788 0.45297805642633227 0.014767932489451475 0.034482758620689655
1 0.5875527426160337 0.6614420062695925 0.07383966244725738 0.1128526645768025
