2 0.6773148148148148 0.6669195751138088 0.11203703703703705 0.41729893778452204
2 0.8277777777777778 0.45295902883156297 0.07962962962962963 0.25948406676783003
2 0.7574074074074074 0.3983308042488619 0.040740740740740744 0.18057663125948406
2 0.4916666666666667 0.5644916540212443 0.13333333333333333 0.27617602427921095
2 0.33425925925925926 0.6047040971168437 0.09074074074074075 0.29893778452200304
2 0.25972222222222224 0.5629742033383915 0.08796296296296297 0.3095599393019727
1 0.2712962962962963 0.4582701062215478 0.031481481481481485 0.06069802731411229
1 0.34351851851851856 0.48861911987860396 0.02777777777777778 0.0637329286798179
1 0.4967592592592593 0.4582701062215478 0.030555555555555558 0.05766312594840668
1 0.6949074074074074 0.5204855842185129 0.032407407407407406 0.0819423368740516
1 0.8273148148148148 0.3679817905918058 0.030555555555555558 0.05614567526555387
1 0.7587962962962963 0.33915022761760244 0.017592592592592594 0.03490136570561457
