2 0.9408854166666667 0.7425925925925926 0.11822916666666666 0.5148148148148148
2 0.8104166666666667 0.674074074074074 0.178125 0.4
2 0.5255208333333333 0.6898148148148149 0.16145833333333334 0.3907407407407408
2 0.3697916666666667 0.6638888888888889 0.15625 0.3148148148148148
2 0.5080729166666667 0.5347222222222222 0.0671875 0.1675925925925926
2 0.440625 0.5287037037037037 0.06354166666666666 0.17962962962962964
0 0.3546875 0.5578703703703703 0.03333333333333333 0.07685185185185185
0 0.5010416666666666 0.5611111111111111 0.040625 0.06296296296296297
0 0.9697916666666666 0.5958333333333333 0.053125 0.10462962962962963
0 0.5135416666666667 0.48703703703703705 0.016666666666666666 0.031481481481481485
0 0.4427083333333333 0.48750000000000004 0.015625 0.028703703703703703
0 0.8052083333333333 0.55 0.04583333333333333 0.0962962962962963
