2 0.9484374999999999 0.4481481481481482 0.06354166666666666 0.20185185185185187
2 0.8330729166666666 0.5314814814814816 0.10260416666666666 0.3
2 0.5744791666666667 0.5907407407407408 0.14583333333333334 0.3851851851851852
2 0.41875 0.7490740740740741 0.18229166666666666 0.49074074074074076
2 0.10677083333333333 0.7185185185185186 0.20833333333333334 0.4962962962962963
2 0.32135416666666666 0.47222222222222227 0.084375 0.26296296296296295
0 0.33203125 0.3856481481481482 0.028645833333333332 0.05092592592592593
0 0.58984375 0.4842592592592593 0.04635416666666667 0.1
0 0.8325520833333333 0.4314814814814815 0.0296875 0.05555555555555556
0 0.9533854166666667 0.3814814814814815 0.024479166666666666 0.03518518518518519
1 0.41901041666666666 0.5842592592592593 0.058854166666666666 0.1277777777777778
1 0.05755208333333333 0.5592592592592592 0.05572916666666666 0.12037037037037038
