2 0.8388020833333333 0.7657407407407407 0.1984375 0.44074074074074077
2 0.56328125 0.6546296296296297 0.0890625 0.2796296296296296
2 0.43854166666666666 0.5902777777777778 0.08125 0.20277777777777778
2 0.19505208333333332 0.5444444444444445 0.05364583333333333 0.14074074074074075
2 0.26145833333333335 0.5597222222222222 0.04583333333333333 0.16018518518518518
2 0.30885416666666665 0.5810185185185185 0.046875 0.1787037037037037
0 0.8604166666666666 0.6078703703703704 0.04583333333333333 0.08425925925925926
0 0.571875 0.5527777777777778 0.022916666666666665 0.05185185185185186
0 0.6072916666666667 0.5296296296296297 0.025 0.0462962962962963
0 0.19765625 0.49444444444444446 0.013020833333333334 0.024074074074074074
0 0.4505208333333333 0.5259259259259259 0.016666666666666666 0.03518518518518519
0 0.4419270833333333 0.5171296296296296 0.015104166666666667 0.032407407407407406
0 0.3065104166666667 0.5115740740740741 0.011979166666666666 0.028703703703703703
0 0.26666666666666666 0.5032407407407408 0.013541666666666667 0.026851851851851852
