1 0.5782407407407407 0.45068285280728376 0.026851851851851852 0.0637329286798179
1 0.6851851851851852 0.32018209408194237 0.018518518518518517 0.036418816388467376
1 0.5532407407407408 0.33611532625189683 0.017592592592592594 0.03490136570561457
1 0.5967592592592593 0.30424886191198786 0.015740740740740743 0.03490136570561457
1 0.4703703703703704 0.3338391502276176 0.016666666666666666 0.042488619119878605
1 0.3388888888888889 0.30045523520485584 0.014814814814814815 0.030349013657056147
2 0.33472222222222225 0.3497723823975721 0.032407407407407406 0.15933232169954478
2 0.36944444444444446 0.3748103186646434 0.0462962962962963 0.17298937784522003
2 0.46944444444444444 0.40743550834597875 0.05925925925925926 0.19878603945371776
2 0.549537037037037 0.41047040971168436 0.04722222222222222 0.20182094081942337
2 0.5805555555555556 0.5842185128983308 0.08703703703703704 0.3520485584218513
2 0.6861111111111111 0.4006069802731411 0.1 0.22154779969650987
0 0.36944444444444446 0.31942336874051597 0.022222222222222223 0.03793626707132018
