2 0.4427083333333333 0.6592592592592593 0.07916666666666666 0.22592592592592595
2 0.96484375 0.7222222222222222 0.0703125 0.2574074074074074
2 0.8653645833333333 0.6347222222222223 0.06510416666666667 0.1824074074074074
2 0.2903645833333333 0.6171296296296297 0.07447916666666667 0.19907407407407407
2 0.21484375 0.6402777777777778 0.07552083333333333 0.21574074074074076
2 0.12578125 0.6944444444444444 0.07447916666666667 0.2425925925925926
0 0.30546875 0.5523148148148148 0.022395833333333334 0.03981481481481482
0 0.28932291666666665 0.5550925925925926 0.01614583333333333 0.03981481481481482
0 0.4440104166666667 0.5740740740740741 0.019270833333333334 0.05
0 0.9799479166666667 0.6282407407407408 0.027604166666666666 0.06018518518518519
0 0.8518229166666667 0.5787037037037037 0.019270833333333334 0.040740740740740744
1 0.21015625 0.5745370370370371 0.015104166666666667 0.03425925925925926
1 0.19791666666666666 0.5680555555555555 0.014583333333333334 0.032407407407407406
1 0.1296875 0.5958333333333333 0.017708333333333333 0.04722222222222222
1 0.11666666666666667 0.5944444444444444 0.016666666666666666 0.040740740740740744
