2 0.67109375 0.47824074074074074 0.08177083333333333 0.23611111111111113
2 0.5981770833333333 0.4842592592592593 0.07760416666666667 0.27037037037037037
2 0.5299479166666666 0.45092592592592595 0.07552083333333333 0.20370370370370372
2 0.4395833333333333 0.4152777777777778 0.06354166666666666 0.19907407407407407
2 0.3776041666666667 0.425 0.059375 0.21481481481481482
2 0.2700520833333333 0.3814814814814815 0.05364583333333333 0.15
2 0.21953124999999998 0.375 0.050520833333333334 0.1277777777777778
2 0.16171875 0.3768518518518519 0.0390625 0.1425925925925926
0 0.6682291666666667 0.39675925925925926 0.019791666666666666 0.03796296296296296
0 0.6080729166666666 0.41203703703703703 0.028645833333333332 0.03888888888888889
0 0.5861979166666667 0.3893518518518519 0.021354166666666667 0.04351851851851852
0 0.5403645833333334 0.3814814814814815 0.015104166666666667 0.03518518518518519
0 0.4354166666666667 0.3578703703703704 0.01875 0.028703703703703703
0 0.3872395833333333 0.36064814814814816 0.018229166666666668 0.03425925925925926
0 0.3765625 0.3601851851851852 0.019791666666666666 0.031481481481481485
0 0.2752604166666667 0.33981481481481485 0.0109375 0.031481481481481485
0 0.22239583333333332 0.33194444444444443 0.016666666666666666 0.017592592592592594
0 0.19010416666666666 0.32962962962962966 0.014583333333333334 0.011111111111111112
0 0.15651041666666665 0.33564814814814814 0.015104166666666667 0.02314814814814815
