2 0.8208333333333333 0.7907407407407407 0.23124999999999998 0.4185185185185185
2 0.8908854166666667 0.49722222222222223 0.07864583333333333 0.22037037037037038
2 0.5869791666666666 0.6828703703703703 0.12708333333333333 0.3675925925925926
2 0.49583333333333335 0.6268518518518519 0.11770833333333333 0.32407407407407407
2 0.2296875 0.5726851851851852 0.07291666666666667 0.20833333333333334
2 0.17109375 0.5791666666666667 0.0703125 0.1712962962962963
2 0.07734375 0.5800925925925926 0.08697916666666666 0.19907407407407407
0 0.06666666666666667 0.5101851851851852 0.020833333333333332 0.031481481481481485
0 0.16692708333333334 0.5171296296296296 0.022395833333333334 0.05648148148148149
0 0.22604166666666667 0.5027777777777778 0.014583333333333334 0.03518518518518519
0 0.48671875 0.5462962962962963 0.03177083333333333 0.05185185185185186
0 0.51796875 0.5467592592592593 0.027604166666666666 0.058333333333333334
0 0.58359375 0.5819444444444445 0.04635416666666667 0.08425925925925926
0 0.7484375 0.6578703703703704 0.06041666666666667 0.125
0 0.8895833333333333 0.4615740740740741 0.019791666666666666 0.04351851851851852
0 0.9104166666666667 0.4675925925925926 0.019791666666666666 0.040740740740740744
