2 0.6260416666666666 0.7800925925925927 0.225 0.4398148148148148
2 0.19166666666666665 0.5810185185185185 0.06666666666666667 0.18425925925925926
2 0.10625 0.6805555555555556 0.11354166666666667 0.2796296296296296
2 0.0625 0.5259259259259259 0.03958333333333333 0.1462962962962963
1 0.6052083333333333 0.6638888888888889 0.05 0.11296296296296297
1 0.19348958333333333 0.5046296296296297 0.0140625 0.02777777777777778
1 0.2 0.524537037037037 0.0125 0.026851851851851852
1 0.10989583333333333 0.6162037037037037 0.019791666666666666 0.04537037037037037
1 0.11041666666666666 0.5685185185185185 0.021875 0.0462962962962963
1 0.08984375 0.5578703703703703 0.0203125 0.04722222222222222
1 0.07005208333333333 0.4861111111111111 0.0140625 0.024074074074074074
