2 0.46770833333333334 0.6726851851851852 0.0625 0.17685185185185187
2 0.7825520833333334 0.6240740740740741 0.06510416666666667 0.16111111111111112
2 0.9747395833333333 0.5837962962962964 0.030729166666666665 0.12314814814814816
2 0.25 0.7208333333333333 0.09166666666666666 0.1824074074074074
2 0.17604166666666665 0.7222222222222222 0.078125 0.19074074074074074
1 0.18932291666666667 0.6476851851851853 0.019270833333333334 0.030555555555555558
1 0.24244791666666665 0.6462962962962964 0.0203125 0.037037037037037035
1 0.4640625 0.6106481481481482 0.017708333333333333 0.028703703703703703
0 0.7859375 0.5703703703703704 0.017708333333333333 0.037037037037037035
0 0.7942708333333334 0.5703703703703704 0.015625 0.02592592592592593
1 0.9757812499999999 0.5439814814814815 0.009895833333333333 0.02314814814814815
2 0.690625 0.6462962962962964 0.04583333333333333 0.07962962962962963
2 0.6518229166666667 0.650462962962963 0.0328125 0.08611111111111111
