0 0.802 0.18617021276595744 0.084 0.12234042553191489
0 0.613 0.18218085106382978 0.062 0.08244680851063829
0 0.498 0.17154255319148937 0.048 0.08244680851063829
0 0.41300000000000003 0.13962765957446807 0.082 0.10904255319148935
0 0.264 0.1476063829787234 0.06 0.09308510638297872
0 0.171 0.1356382978723404 0.098 0.13829787234042554
2 0.8270000000000001 0.4720744680851064 0.254 0.7898936170212766
2 0.644 0.375 0.184 0.5478723404255319
2 0.509 0.3271276595744681 0.106 0.4308510638297872
2 0.404 0.3723404255319149 0.184 0.6595744680851063
2 0.28 0.30186170212765956 0.136 0.43882978723404253
2 0.17400000000000002 0.49468085106382975 0.276 0.9414893617021276
