0 0.7213541666666666 0.5620370370370371 0.026041666666666668 0.05925925925925926
0 0.5565104166666667 0.5351851851851852 0.018229166666666668 0.040740740740740744
0 0.5333333333333333 0.538425925925926 0.019791666666666666 0.04351851851851852
0 0.3520833333333333 0.513888888888889 0.0125 0.02592592592592593
0 0.33307291666666666 0.4990740740740741 0.013020833333333334 0.020370370370370372
0 0.015625 0.5212962962962964 0.016666666666666666 0.05555555555555556
2 0.03411458333333333 0.6032407407407407 0.06614583333333333 0.25462962962962965
2 0.3385416666666667 0.5564814814814815 0.041666666666666664 0.15185185185185185
2 0.54609375 0.6513888888888889 0.1046875 0.31574074074074077
2 0.7234375 0.701388888888889 0.13958333333333334 0.4027777777777778
2 0.13177083333333334 0.5217592592592593 0.020833333333333332 0.08981481481481482
