2 0.14895833333333333 0.7990740740740742 0.23020833333333332 0.37222222222222223
2 0.5638020833333334 0.6777777777777778 0.1328125 0.3148148148148148
2 0.6783854166666666 0.6171296296296297 0.1171875 0.30462962962962964
2 0.87578125 0.5995370370370371 0.0671875 0.22314814814814815
0 0.8723958333333334 0.5314814814814816 0.015625 0.0462962962962963
0 0.6822916666666666 0.5393518518518519 0.029166666666666667 0.049074074074074076
0 0.07421875 0.6907407407407408 0.0546875 0.08148148148148149
1 0.12369791666666667 0.6875 0.04010416666666666 0.08055555555555556
1 0.5791666666666666 0.5972222222222222 0.02395833333333333 0.053703703703703705
1 0.7072916666666667 0.5458333333333334 0.015625 0.04722222222222222
