2 0.7838541666666666 0.6097222222222223 0.11770833333333333 0.20277777777777778
2 0.56484375 0.6055555555555556 0.0703125 0.16481481481481483
2 0.2328125 0.6175925925925926 0.051041666666666666 0.13518518518518519
2 0.02109375 0.625462962962963 0.04010416666666666 0.11388888888888889
2 0.15677083333333333 0.7199074074074074 0.14270833333333333 0.2898148148148148
1 0.7986979166666667 0.5347222222222222 0.0171875 0.032407407407407406
1 0.7763020833333333 0.5375 0.019270833333333334 0.03425925925925926
0 0.5796875 0.5467592592592593 0.016666666666666666 0.03425925925925926
0 0.5651041666666666 0.549537037037037 0.015625 0.036111111111111115
0 0.5466145833333333 0.5675925925925926 0.013020833333333334 0.022222222222222223
1 0.15651041666666665 0.6287037037037038 0.033854166666666664 0.05925925925925926
1 0.12708333333333333 0.6162037037037037 0.030208333333333334 0.05462962962962963
0 0.025 0.5861111111111111 0.011458333333333333 0.022222222222222223
0 0.015104166666666667 0.5847222222222223 0.013541666666666667 0.025
1 0.2375 0.5703703703703704 0.013541666666666667 0.02592592592592593
1 0.22369791666666666 0.575462962962963 0.0109375 0.025
