2 0.83828125 0.4939814814814815 0.15052083333333333 0.36388888888888893
2 0.603125 0.4305555555555556 0.11145833333333333 0.29074074074074074
2 0.48333333333333334 0.4115740740740741 0.07604166666666666 0.2064814814814815
2 0.42734374999999997 0.36064814814814816 0.07239583333333333 0.20277777777777778
2 0.29583333333333334 0.34953703703703703 0.078125 0.19722222222222224
2 0.17734375 0.3041666666666667 0.050520833333333334 0.14722222222222223
2 0.12916666666666665 0.29953703703703705 0.03854166666666667 0.14166666666666666
0 0.8861979166666667 0.4046296296296297 0.03802083333333333 0.08148148148148149
0 0.84765625 0.3837962962962963 0.0390625 0.06944444444444445
0 0.6283854166666667 0.3351851851851852 0.034895833333333334 0.053703703703703705
0 0.6065104166666666 0.34351851851851856 0.019270833333333334 0.06851851851851852
0 0.4979166666666667 0.3277777777777778 0.020833333333333332 0.04259259259259259
0 0.47942708333333334 0.32222222222222224 0.01614583333333333 0.04259259259259259
0 0.43906249999999997 0.2986111111111111 0.020833333333333332 0.04351851851851852
