2 0.92578125 0.6268518518518519 0.1484375 0.47962962962962963
2 0.5677083333333334 0.525 0.15625 0.32592592592592595
2 0.11041666666666666 0.5439814814814815 0.13125 0.31574074074074077
2 0.3338541666666667 0.4185185185185185 0.08020833333333333 0.1685185185185185
2 0.24921875 0.4236111111111111 0.05677083333333333 0.1527777777777778
2 0.14817708333333332 0.4046296296296297 0.057812499999999996 0.15555555555555556
2 0.190625 0.4083333333333333 0.05 0.1425925925925926
0 0.5518229166666666 0.41481481481481486 0.030729166666666665 0.07222222222222223
0 0.9658854166666666 0.5041666666666667 0.0546875 0.1175925925925926
0 0.91640625 0.47222222222222227 0.044270833333333336 0.10740740740740741
0 0.33619791666666665 0.3842592592592593 0.018229166666666668 0.02777777777777778
1 0.08203125 0.437962962962963 0.028645833333333332 0.053703703703703705
0 0.15104166666666666 0.3736111111111111 0.0125 0.030555555555555558
0 0.2484375 0.3842592592592593 0.010416666666666666 0.022222222222222223
1 0.19114583333333332 0.37962962962962965 0.010416666666666666 0.018518518518518517
