2 0.72265625 0.6407407407407407 0.18072916666666666 0.35555555555555557
2 0.9122395833333333 0.7791666666666667 0.17552083333333332 0.42685185185185187
2 0.3125 0.7171296296296297 0.15729166666666666 0.2935185185185185
2 0.484375 0.5912037037037037 0.075 0.18981481481481483
0 0.71875 0.5606481481481481 0.035416666666666666 0.0638888888888889
0 0.68125 0.5671296296296297 0.041666666666666664 0.0638888888888889
0 0.8596354166666667 0.6486111111111111 0.030729166666666665 0.0787037037037037
0 0.9364583333333333 0.6282407407407408 0.041666666666666664 0.09537037037037037
0 0.9783854166666667 0.7050925925925926 0.04010416666666666 0.0638888888888889
0 0.2947916666666667 0.6134259259259259 0.03125 0.058333333333333334
1 0.8958333333333334 0.6430555555555556 0.029166666666666667 0.08981481481481482
