2 0.8057291666666666 0.8222222222222223 0.278125 0.35555555555555557
2 0.9643229166666667 0.5828703703703704 0.07135416666666666 0.23981481481481481
2 0.8526041666666666 0.5893518518518519 0.08645833333333333 0.18981481481481483
2 0.2265625 0.6138888888888889 0.06979166666666667 0.1425925925925926
0 0.22864583333333333 0.575462962962963 0.013541666666666667 0.028703703703703703
0 0.7049479166666667 0.7074074074074075 0.050520833333333334 0.0962962962962963
0 0.79609375 0.6912037037037038 0.05364583333333333 0.11574074074074074
0 0.9643229166666667 0.5212962962962964 0.0234375 0.044444444444444446
0 0.8434895833333333 0.524537037037037 0.01614583333333333 0.036111111111111115
1 0.7588541666666666 0.7101851851851853 0.03229166666666666 0.09074074074074075
