2 0.12057291666666667 0.38472222222222224 0.05364583333333333 0.1398148148148148
2 0.19739583333333333 0.4115740740740741 0.04583333333333333 0.16018518518518518
2 0.2484375 0.39861111111111114 0.04583333333333333 0.14907407407407408
2 0.37057291666666664 0.43472222222222223 0.07135416666666666 0.19351851851851853
2 0.7083333333333334 0.5217592592592593 0.10729166666666666 0.28240740740740744
2 0.9380208333333333 0.5824074074074075 0.12083333333333333 0.37222222222222223
0 0.9421875 0.45231481481481484 0.0375 0.0712962962962963
0 0.98203125 0.46435185185185185 0.0328125 0.0787037037037037
0 0.74765625 0.4240740740740741 0.0234375 0.06666666666666667
0 0.7302083333333333 0.4444444444444445 0.016666666666666666 0.03518518518518519
0 0.71015625 0.4203703703703704 0.025520833333333333 0.044444444444444446
0 0.3833333333333333 0.3666666666666667 0.019791666666666666 0.040740740740740744
0 0.3697916666666667 0.3666666666666667 0.014583333333333334 0.02777777777777778
0 0.24296874999999998 0.34953703703703703 0.01614583333333333 0.02314814814814815
0 0.20572916666666666 0.3550925925925926 0.019791666666666666 0.028703703703703703
1 0.128125 0.34074074074074073 0.011458333333333333 0.03518518518518519
