2 0.4513020833333333 0.7402777777777778 0.1953125 0.3527777777777778
2 0.28046875 0.8356481481481481 0.21197916666666666 0.3287037037037037
2 0.19947916666666665 0.7430555555555556 0.096875 0.27314814814814814
2 0.24348958333333334 0.6087962962962963 0.0421875 0.11388888888888889
2 0.2734375 0.5981481481481482 0.053125 0.15
1 0.27447916666666666 0.5708333333333333 0.013541666666666667 0.02314814814814815
1 0.24869791666666666 0.5722222222222223 0.0109375 0.02777777777777778
1 0.23776041666666667 0.576388888888889 0.015104166666666667 0.032407407407407406
0 0.17395833333333333 0.638425925925926 0.027083333333333334 0.05648148148148149
0 0.20546875 0.6439814814814815 0.03177083333333333 0.062037037037037036
0 0.20104166666666667 0.7083333333333334 0.040625 0.08333333333333334
0 0.2546875 0.7208333333333333 0.052083333333333336 0.08425925925925926
0 0.39036458333333335 0.6087962962962963 0.033854166666666664 0.062037037037037036
0 0.4239583333333333 0.6203703703703703 0.034375 0.05740740740740741
