2 0.8375 0.7143518518518519 0.29270833333333335 0.5027777777777778
0 0.8356770833333333 0.5291666666666667 0.049479166666666664 0.10277777777777779
0 0.7567708333333333 0.5324074074074074 0.059375 0.10925925925925926
2 0.51953125 0.43194444444444446 0.06822916666666666 0.16944444444444445
0 0.521875 0.3773148148148148 0.022916666666666665 0.030555555555555558
2 0.16171875 0.7421296296296297 0.20781249999999998 0.4898148148148148
2 0.29791666666666666 0.6407407407407407 0.1375 0.412962962962963
2 0.371875 0.5712962962962963 0.159375 0.3851851851851852
0 0.3328125 0.4550925925925926 0.027083333333333334 0.062037037037037036
0 0.30078125 0.47222222222222227 0.033854166666666664 0.05
0 0.2721354166666667 0.4703703703703704 0.0421875 0.08148148148148149
0 0.13333333333333333 0.5523148148148148 0.05416666666666667 0.08796296296296297
0 0.08880208333333334 0.5532407407407408 0.0453125 0.08981481481481482
0 0.2015625 0.41805555555555557 0.034375 0.049074074074074076
0 0.16302083333333334 0.41111111111111115 0.028125 0.061111111111111116
0 0.13880208333333333 0.4087962962962963 0.027604166666666666 0.04351851851851852
