2 0.9518229166666666 0.5842592592592593 0.09635416666666667 0.23148148148148148
2 0.2625 0.6268518518518519 0.075 0.16296296296296298
2 0.44427083333333334 0.6111111111111112 0.08229166666666667 0.18703703703703706
2 0.18411458333333333 0.6101851851851852 0.0671875 0.15
2 0.10885416666666667 0.6125 0.053125 0.09907407407407408
0 0.10911458333333333 0.5791666666666667 0.015104166666666667 0.026851851851851852
0 0.9473958333333333 0.525462962962963 0.028125 0.05277777777777778
0 0.45807291666666666 0.5518518518518519 0.0171875 0.018518518518518517
0 0.46953125 0.5541666666666667 0.013020833333333334 0.032407407407407406
1 0.265625 0.5638888888888889 0.020833333333333332 0.016666666666666666
1 0.19010416666666666 0.5694444444444444 0.014583333333333334 0.02592592592592593
1 0.18125 0.5703703703703704 0.008333333333333333 0.024074074074074074
