2 0.69609375 0.7175925925925927 0.1890625 0.4222222222222222
2 0.9169270833333333 0.7740740740740741 0.16614583333333333 0.43703703703703706
2 0.9609375 0.5648148148148149 0.078125 0.22777777777777777
2 0.43463541666666666 0.8162037037037038 0.26927083333333335 0.3675925925925926
1 0.36041666666666666 0.6731481481481482 0.042708333333333334 0.0925925925925926
1 0.4458333333333333 0.7291666666666667 0.03333333333333333 0.05277777777777778
1 0.9736979166666666 0.5356481481481482 0.013020833333333334 0.025
1 0.9604166666666667 0.5365740740740741 0.015625 0.028703703703703703
0 0.9367187499999999 0.6412037037037037 0.04114583333333333 0.09907407407407408
0 0.8661458333333333 0.6324074074074074 0.03854166666666667 0.08888888888888889
0 0.6697916666666667 0.5995370370370371 0.040625 0.0712962962962963
0 0.40703125 0.6916666666666667 0.03802083333333333 0.09074074074074075
