2 0.773 0.6469265367316341 0.308 0.6761619190404797
2 0.603 0.5494752623688156 0.136 0.41829085457271364
2 0.40800000000000003 0.527736131934033 0.1 0.43778110944527737
2 0.5105000000000001 0.4250374812593703 0.089 0.280359820089955
2 0.273 0.4625187406296851 0.08600000000000001 0.35532233883058467
2 0.20500000000000002 0.43703148425787103 0.068 0.2383808095952024
2 0.11800000000000001 0.4047976011994003 0.052000000000000005 0.1889055472263868
1 0.1125 0.3410794602698651 0.017 0.031484257871064465
1 0.2725 0.3305847076461769 0.029 0.06146926536731634
1 0.384 0.34782608695652173 0.032 0.07196401799100449
1 0.6265000000000001 0.38905547226386805 0.047 0.08545727136431784
1 0.7355 0.39430284857571213 0.069 0.13493253373313344
0 0.511 0.34182908545727136 0.032 0.06296851574212893
0 0.20700000000000002 0.3530734632683658 0.032 0.05247376311844078
