2 0.24348958333333334 0.775 0.2015625 0.41111111111111115
2 0.7463541666666667 0.7726851851851853 0.253125 0.45462962962962966
2 0.5744791666666667 0.6953703703703704 0.15416666666666667 0.31666666666666665
2 0.4979166666666667 0.7865740740740741 0.23229166666666667 0.41574074074074074
0 0.7104166666666667 0.6361111111111112 0.06145833333333333 0.10925925925925926
0 0.4869791666666667 0.6736111111111112 0.06041666666666667 0.12314814814814816
0 0.2453125 0.6226851851851852 0.034375 0.06574074074074074
0 0.2669270833333333 0.6958333333333334 0.03802083333333333 0.06574074074074074
1 0.5828125 0.6287037037037038 0.03125 0.07407407407407407
1 0.5518229166666666 0.6314814814814815 0.027604166666666666 0.05925925925925926
1 0.53125 0.6300925925925926 0.022916666666666665 0.05277777777777778
