2 0.7088541666666667 0.800462962962963 0.2833333333333333 0.3990740740740741
2 0.5330729166666667 0.513888888888889 0.06510416666666667 0.16481481481481483
2 0.46979166666666666 0.5361111111111111 0.071875 0.1814814814814815
2 0.4744791666666667 0.7486111111111111 0.20104166666666667 0.42314814814814816
2 0.20026041666666666 0.7907407407407407 0.2140625 0.4185185185185185
0 0.16223958333333333 0.6351851851851852 0.05364583333333333 0.08703703703703704
0 0.440625 0.5962962962962963 0.04375 0.0925925925925926
0 0.6549479166666666 0.6782407407407408 0.08072916666666667 0.14166666666666666
0 0.5380208333333333 0.46111111111111114 0.013541666666666667 0.031481481481481485
0 0.5239583333333333 0.4615740740740741 0.014583333333333334 0.032407407407407406
0 0.48333333333333334 0.48842592592592593 0.015625 0.04537037037037037
0 0.4669270833333333 0.47222222222222227 0.021354166666666667 0.053703703703703705
