2 0.52734375 0.675 0.10572916666666667 0.25
2 0.6963541666666666 0.8060185185185186 0.19375 0.38796296296296295
2 0.9708333333333333 0.6449074074074075 0.058333333333333334 0.19722222222222224
2 0.23776041666666667 0.7087962962962964 0.0953125 0.19166666666666668
2 0.17734375 0.7041666666666667 0.06927083333333334 0.2101851851851852
1 0.18984375 0.6537037037037037 0.022395833333333334 0.040740740740740744
1 0.24088541666666666 0.650462962962963 0.024479166666666666 0.04537037037037037
0 0.5260416666666666 0.600462962962963 0.026041666666666668 0.05462962962962963
0 0.5421875 0.5967592592592593 0.02395833333333333 0.04351851851851852
0 0.6473958333333333 0.6796296296296297 0.034375 0.07962962962962963
0 0.6841145833333333 0.6625 0.0390625 0.08055555555555556
0 0.9864583333333333 0.5884259259259259 0.014583333333333334 0.03796296296296296
0 0.9716145833333333 0.587962962962963 0.0171875 0.044444444444444446
