2 0.8309090909090909 0.6076294277929155 0.12727272727272726 0.5122615803814714
2 0.7236363636363636 0.49182561307901906 0.12363636363636364 0.39509536784741145
2 0.37727272727272726 0.4877384196185286 0.1 0.2724795640326975
2 0.26454545454545453 0.4645776566757493 0.10727272727272727 0.29155313351498635
2 0.1709090909090909 0.4768392370572207 0.10181818181818182 0.2670299727520436
2 0.07545454545454545 0.46185286103542234 0.10727272727272727 0.2534059945504087
0 0.08363636363636363 0.39237057220708443 0.03272727272727273 0.0653950953678474
0 0.1709090909090909 0.3964577656675749 0.03272727272727273 0.05722070844686648
0 0.26272727272727275 0.3732970027247956 0.02727272727272727 0.049046321525885554
0 0.3845454545454545 0.3964577656675749 0.02727272727272727 0.06267029972752043
0 0.7454545454545455 0.40326975476839233 0.03636363636363636 0.07084468664850135
0 0.8318181818181818 0.4196185286103542 0.05272727272727273 0.10899182561307902
0 0.7172727272727273 0.40054495912806537 0.02727272727272727 0.05994550408719346
