2 0.2025 0.5465587044534413 0.37 0.5748987854251012
2 0.56125 0.645748987854251 0.1575 0.4331983805668016
2 0.68 0.6477732793522267 0.09 0.3481781376518219
2 0.75125 0.6396761133603239 0.0575 0.2834008097165992
0 0.76 0.5607287449392713 0.025 0.06072874493927126
0 0.7025 0.5344129554655871 0.03 0.06477732793522267
0 0.58375 0.4898785425101215 0.0425 0.08097165991902834
0 0.61375 0.4736842105263158 0.0275 0.08906882591093118
0 0.34125 0.34615384615384615 0.0625 0.11740890688259109
0 0.28625 0.354251012145749 0.0775 0.11740890688259109
