2 0.9325 0.45208333333333334 0.09 0.42916666666666664
2 0.82125 0.45416666666666666 0.0825 0.4166666666666667
2 0.7075 0.42916666666666664 0.11 0.48333333333333334
2 0.595 0.45416666666666666 0.095 0.4166666666666667
2 0.46875 0.49374999999999997 0.0775 0.3541666666666667
2 0.35875 0.5104166666666666 0.0725 0.4125
2 0.2175 0.5125 0.105 0.39166666666666666
2 0.0775 0.5041666666666667 0.095 0.3833333333333333
1 0.0925 0.36041666666666666 0.03 0.07083333333333333
1 0.115 0.3541666666666667 0.02 0.05
1 0.23375 0.36666666666666664 0.0275 0.058333333333333334
1 0.25875 0.34791666666666665 0.0275 0.0625
1 0.35000000000000003 0.35625 0.025 0.0625
1 0.4675 0.35625 0.035 0.0625
1 0.58375 0.3645833333333333 0.0275 0.0625
1 0.71125 0.3520833333333333 0.0325 0.0625
1 0.8225 0.35625 0.045 0.07916666666666666
1 0.9225 0.3416666666666667 0.04 0.058333333333333334
