2 0.5388020833333333 0.6101851851851852 0.10260416666666666 0.2425925925925926
2 0.4513020833333333 0.6101851851851852 0.08177083333333333 0.20925925925925926
2 0.29140625 0.7907407407407407 0.19635416666666666 0.4185185185185185
0 0.2825520833333333 0.6601851851851852 0.0453125 0.08888888888888889
0 0.46510416666666665 0.5523148148148148 0.014583333333333334 0.036111111111111115
0 0.4515625 0.5625 0.022916666666666665 0.025
0 0.5606770833333333 0.5444444444444445 0.0171875 0.031481481481481485
0 0.5450520833333333 0.5481481481481482 0.0140625 0.031481481481481485
2 0.7489583333333333 0.6518518518518519 0.125 0.29814814814814816
0 0.74296875 0.5407407407407407 0.022395833333333334 0.05740740740740741
