2 0.12265625 0.6722222222222223 0.1859375 0.4444444444444445
2 0.3890625 0.6240740740740741 0.20416666666666666 0.39814814814814814
2 0.77890625 0.5875 0.20260416666666667 0.4398148148148148
2 0.753125 0.737962962962963 0.34479166666666666 0.5240740740740741
0 0.7447916666666666 0.4532407407407408 0.06145833333333333 0.08611111111111111
0 0.7005208333333334 0.5805555555555556 0.0625 0.11666666666666667
0 0.38567708333333334 0.4740740740740741 0.0609375 0.11481481481481481
0 0.3377604166666667 0.4800925925925926 0.0328125 0.06944444444444445
0 0.10338541666666666 0.48935185185185187 0.0390625 0.0787037037037037
0 0.065625 0.48564814814814816 0.03854166666666667 0.06944444444444445
