2 0.8328125 0.7092592592592593 0.0875 0.2518518518518519
2 0.696875 0.7087962962962964 0.121875 0.2898148148148148
2 0.23671875 0.5949074074074074 0.05572916666666666 0.14537037037037037
2 0.12838541666666667 0.6865740740740741 0.09947916666666666 0.28055555555555556
1 0.11901041666666666 0.5986111111111111 0.021354166666666667 0.03981481481481482
1 0.10130208333333333 0.5962962962962963 0.018229166666666668 0.044444444444444446
0 0.2421875 0.5398148148148149 0.0125 0.022222222222222223
0 0.23177083333333334 0.5407407407407407 0.0125 0.016666666666666666
1 0.7138020833333333 0.6273148148148149 0.0203125 0.036111111111111115
1 0.69375 0.625 0.01875 0.0462962962962963
0 0.8341145833333333 0.6231481481481481 0.0234375 0.03888888888888889
0 0.8216145833333334 0.6092592592592593 0.01614583333333333 0.037037037037037035
