2 0.8614583333333333 0.6861111111111111 0.14166666666666666 0.33333333333333337
0 0.8583333333333333 0.5638888888888889 0.03229166666666666 0.05925925925925926
2 0.5234375 0.6231481481481481 0.11458333333333333 0.27037037037037037
0 0.525 0.5277777777777778 0.029166666666666667 0.03888888888888889
2 0.39453125 0.5717592592592593 0.06510416666666667 0.20277777777777778
2 0.2947916666666667 0.5550925925925926 0.04375 0.14537037037037037
2 0.15807291666666667 0.5226851851851853 0.04114583333333333 0.10462962962962963
1 0.2994791666666667 0.5055555555555555 0.015625 0.02962962962962963
1 0.40572916666666664 0.5333333333333333 0.011458333333333333 0.037037037037037035
0 0.4036458333333333 0.5120370370370371 0.014583333333333334 0.040740740740740744
