2 0.6614583333333334 0.7967592592592593 0.2739583333333333 0.4064814814814815
2 0.39427083333333335 0.5370370370370371 0.12395833333333334 0.19074074074074074
2 0.59375 0.6671296296296296 0.17395833333333333 0.2601851851851852
2 0.07630208333333333 0.6925925925925926 0.14427083333333332 0.337037037037037
1 0.03125 0.5694444444444444 0.022916666666666665 0.053703703703703705
0 0.04921875 0.5708333333333333 0.024479166666666666 0.062037037037037036
0 0.41692708333333334 0.4902777777777778 0.013020833333333334 0.032407407407407406
0 0.5510416666666667 0.5768518518518518 0.03229166666666666 0.07962962962962963
0 0.6002604166666666 0.6032407407407407 0.0390625 0.07314814814814816
0 0.6393229166666666 0.6518518518518519 0.050520833333333334 0.08518518518518518
0 0.56875 0.6523148148148148 0.03333333333333333 0.10092592592592593
