2 0.6309895833333333 0.6300925925925926 0.16614583333333333 0.31203703703703706
2 0.2864583333333333 0.688425925925926 0.21354166666666666 0.3768518518518519
0 0.24036458333333333 0.5615740740740741 0.0296875 0.05462962962962963
0 0.27265625 0.549537037037037 0.0296875 0.06944444444444445
0 0.60625 0.5203703703703704 0.03229166666666666 0.06481481481481481
1 0.56875 0.5152777777777778 0.021875 0.049074074074074076
2 0.7083333333333334 0.5305555555555556 0.08125 0.18703703703703706
0 0.7135416666666666 0.48055555555555557 0.01875 0.02592592592592593
2 0.80546875 0.5361111111111111 0.06927083333333334 0.17037037037037037
0 0.8247395833333333 0.48379629629629634 0.01614583333333333 0.03796296296296296
0 0.7997395833333333 0.48935185185185187 0.01614583333333333 0.032407407407407406
