2 0.2921875 0.6851851851851852 0.16354166666666667 0.37222222222222223
2 0.08984375 0.7462962962962963 0.1578125 0.39814814814814814
2 0.9104166666666667 0.7875 0.17916666666666667 0.425
2 0.7385416666666667 0.6777777777777778 0.14166666666666666 0.4537037037037037
0 0.7684895833333333 0.5564814814814815 0.04739583333333333 0.09444444444444444
0 0.8994791666666666 0.6217592592592592 0.05520833333333333 0.1212962962962963
0 0.9520833333333333 0.7000000000000001 0.04791666666666666 0.09814814814814815
0 0.84140625 0.6439814814814815 0.04010416666666666 0.10092592592592593
0 0.27109375 0.5689814814814815 0.0328125 0.075
0 0.05130208333333333 0.6027777777777777 0.04635416666666667 0.08518518518518518
