2 0.8864583333333333 0.5750000000000001 0.09166666666666666 0.21296296296296297
2 0.7565104166666666 0.6055555555555556 0.11197916666666667 0.24444444444444446
2 0.56953125 0.6027777777777777 0.0890625 0.21851851851851853
2 0.4869791666666667 0.6013888888888889 0.08333333333333333 0.15462962962962964
1 0.5005208333333333 0.5555555555555556 0.015625 0.02777777777777778
1 0.4901041666666667 0.5527777777777778 0.009375 0.022222222222222223
0 0.5950520833333334 0.5518518518518519 0.013020833333333334 0.02592592592592593
0 0.5729166666666666 0.55 0.01875 0.02962962962962963
0 0.7872395833333333 0.5393518518518519 0.025520833333333333 0.05092592592592593
0 0.7630208333333334 0.5425925925925926 0.019791666666666666 0.03888888888888889
0 0.9072916666666666 0.5208333333333334 0.020833333333333332 0.04351851851851852
1 0.8846354166666667 0.5342592592592593 0.011979166666666666 0.02592592592592593
0 0.8760416666666666 0.5222222222222223 0.013541666666666667 0.02777777777777778
