2 0.9432291666666667 0.6023148148148149 0.11354166666666667 0.24537037037037038
2 0.34661458333333334 0.6300925925925926 0.07239583333333333 0.15462962962962964
2 0.4028645833333333 0.6157407407407408 0.057812499999999996 0.1962962962962963
2 0.4515625 0.6037037037037037 0.04895833333333333 0.14444444444444446
2 0.49322916666666666 0.5944444444444444 0.051041666666666666 0.14074074074074075
1 0.3611979166666667 0.5717592592592593 0.0109375 0.02314814814814815
1 0.34869791666666666 0.5694444444444444 0.0140625 0.022222222222222223
1 0.3380208333333333 0.5671296296296297 0.0125 0.025
1 0.32317708333333334 0.5662037037037038 0.011979166666666666 0.017592592592592594
0 0.49973958333333335 0.5555555555555556 0.01614583333333333 0.031481481481481485
0 0.4440104166666667 0.5583333333333333 0.011979166666666666 0.02592592592592593
1 0.94609375 0.5337962962962963 0.0203125 0.03425925925925926
1 0.9713541666666666 0.5314814814814816 0.015625 0.03518518518518519
