0 0.94765625 0.6074074074074074 0.0359375 0.06296296296296297
0 0.44375 0.6152777777777778 0.03958333333333333 0.06944444444444445
0 0.020572916666666666 0.5962962962962963 0.022395833333333334 0.0462962962962963
0 0.47031249999999997 0.7990740740740742 0.09375 0.14814814814814814
1 0.7432291666666666 0.6189814814814815 0.026041666666666668 0.058333333333333334
2 0.759375 0.7384259259259259 0.11979166666666667 0.38981481481481484
2 0.9213541666666667 0.7560185185185185 0.15729166666666666 0.42129629629629634
2 0.4015625 0.7425925925925926 0.153125 0.3944444444444445
2 0.51171875 0.8439814814814816 0.24114583333333334 0.31203703703703706
2 0.030208333333333334 0.6671296296296296 0.059375 0.23425925925925928
