2 0.8953125 0.7023148148148148 0.15520833333333334 0.36574074074074076
2 0.5778645833333333 0.6643518518518519 0.08697916666666666 0.32685185185185184
2 0.5046875 0.6 0.07708333333333334 0.21851851851851853
2 0.42994791666666665 0.576388888888889 0.06510416666666667 0.1824074074074074
2 0.21562499999999998 0.6111111111111112 0.071875 0.2240740740740741
0 0.8947916666666667 0.5625 0.029166666666666667 0.06018518518518519
0 0.58515625 0.5439814814814815 0.0265625 0.06944444444444445
0 0.6203125 0.5310185185185186 0.027083333333333334 0.0638888888888889
0 0.5044270833333333 0.524537037037037 0.0203125 0.04166666666666667
0 0.42890625 0.5194444444444445 0.0203125 0.037037037037037035
0 0.21354166666666666 0.5236111111111111 0.026041666666666668 0.04722222222222222
