0 0.7291666666666666 0.6310185185185185 0.030208333333333334 0.075
0 0.8820312499999999 0.5560185185185186 0.011979166666666666 0.026851851851851852
0 0.9760416666666667 0.549537037037037 0.016666666666666666 0.017592592592592594
2 0.88125 0.5912037037037037 0.035416666666666666 0.11388888888888889
2 0.9760416666666667 0.5944444444444444 0.026041666666666668 0.10740740740740741
2 0.74453125 0.7925925925925926 0.15677083333333333 0.40555555555555556
2 0.24453125 0.7194444444444444 0.08802083333333333 0.1851851851851852
2 0.17578125 0.725925925925926 0.08072916666666667 0.1851851851851852
1 0.24010416666666667 0.6444444444444445 0.015625 0.02962962962962963
1 0.18229166666666666 0.6541666666666667 0.01875 0.032407407407407406
