0 0.75 0.3089887640449438 0.06 0.10861423220973783
0 0.9550000000000001 0.3146067415730337 0.05 0.0898876404494382
0 0.5225 0.2958801498127341 0.065 0.11235955056179775
0 0.32 0.34831460674157305 0.085 0.149812734082397
0 0.22375 0.28651685393258425 0.08750000000000001 0.11610486891385768
2 0.52 0.43258426966292135 0.18 0.49812734082397003
2 0.71125 0.5337078651685393 0.2275 0.6704119850187266
2 0.92125 0.43820224719101125 0.1575 0.50187265917603
2 0.15625 0.47191011235955055 0.1975 0.5468164794007491
2 0.28125 0.6235955056179775 0.4425 0.6704119850187266
