2 0.9276041666666667 0.725925925925926 0.14479166666666665 0.43333333333333335
0 0.91015625 0.6018518518518519 0.0359375 0.08148148148148149
0 0.959375 0.5893518518518519 0.042708333333333334 0.09351851851851853
2 0.57109375 0.7185185185185186 0.18072916666666666 0.3388888888888889
0 0.5518229166666666 0.5972222222222222 0.03802083333333333 0.07222222222222223
1 0.5166666666666666 0.5912037037037037 0.03229166666666666 0.0712962962962963
2 0.37005208333333334 0.675 0.14322916666666666 0.2962962962962963
0 0.3653645833333333 0.5916666666666667 0.025520833333333333 0.05555555555555556
0 0.33828125 0.575462962962963 0.027604166666666666 0.05648148148148149
2 0.10260416666666666 0.6342592592592593 0.065625 0.1814814814814815
0 0.11223958333333334 0.576388888888889 0.018229166666666668 0.036111111111111115
0 0.1 0.5819444444444445 0.013541666666666667 0.026851851851851852
