2 0.83046875 0.5861111111111111 0.09739583333333333 0.2833333333333333
2 0.9054687499999999 0.5990740740740741 0.08489583333333334 0.2574074074074074
2 0.46041666666666664 0.5486111111111112 0.07916666666666666 0.20277777777777778
2 0.29635416666666664 0.5055555555555555 0.053125 0.1574074074074074
2 0.23828125 0.4949074074074074 0.0421875 0.12685185185185185
2 0.18411458333333333 0.5074074074074074 0.044270833333333336 0.13518518518518519
2 0.12942708333333333 0.5060185185185185 0.04635416666666667 0.1398148148148148
0 0.13098958333333333 0.45972222222222225 0.0171875 0.03425925925925926
0 0.18385416666666665 0.4620370370370371 0.017708333333333333 0.02777777777777778
0 0.24401041666666667 0.4564814814814815 0.0109375 0.02962962962962963
0 0.2994791666666667 0.4513888888888889 0.008333333333333333 0.028703703703703703
0 0.2911458333333333 0.4564814814814815 0.011458333333333333 0.018518518518518517
0 0.46484375 0.47500000000000003 0.019270833333333334 0.04259259259259259
0 0.8351562499999999 0.4851851851851852 0.018229166666666668 0.05185185185185186
0 0.8997395833333334 0.4990740740740741 0.021354166666666667 0.04259259259259259
