2 0.69609375 0.6476851851851853 0.06197916666666667 0.18425925925925926
2 0.5669270833333333 0.7472222222222222 0.15677083333333333 0.35000000000000003
2 0.33125 0.7328703703703704 0.134375 0.3027777777777778
2 0.2359375 0.7083333333333334 0.07604166666666666 0.1925925925925926
2 0.18046875 0.7194444444444444 0.06302083333333333 0.19074074074074074
2 0.07890625 0.7662037037037037 0.13072916666666667 0.3472222222222222
0 0.10807291666666667 0.6393518518518518 0.0203125 0.04722222222222222
0 0.07421875 0.6509259259259259 0.025520833333333333 0.06296296296296297
0 0.6966145833333334 0.5796296296296296 0.0203125 0.02777777777777778
1 0.5497395833333333 0.6175925925925926 0.027604166666666666 0.05
1 0.32395833333333335 0.6268518518518519 0.01875 0.03518518518518519
1 0.24401041666666667 0.6430555555555556 0.021354166666666667 0.03796296296296296
1 0.19166666666666665 0.6513888888888889 0.022916666666666665 0.032407407407407406
