0 0.31125 0.3214285714285714 0.0625 0.1111111111111111
0 0.505 0.36706349206349204 0.05 0.08333333333333333
0 0.5675 0.38095238095238093 0.035 0.07936507936507936
0 0.7325 0.41666666666666663 0.04 0.0873015873015873
0 0.835 0.4325396825396825 0.03 0.06349206349206349
0 0.86375 0.4345238095238095 0.0325 0.07539682539682539
0 0.9225 0.4246031746031746 0.03 0.06349206349206349
2 0.9325 0.5357142857142857 0.095 0.36507936507936506
2 0.82625 0.5376984126984127 0.0925 0.376984126984127
2 0.72 0.5396825396825397 0.11 0.4444444444444444
2 0.49 0.5158730158730158 0.13 0.5714285714285714
2 0.3 0.4821428571428571 0.17500000000000002 0.6626984126984127
1 0.5425 0.376984126984127 0.035 0.07936507936507936
