2 0.93984375 0.7023148148148148 0.1203125 0.41203703703703703
2 0.7895833333333333 0.6662037037037037 0.209375 0.3490740740740741
2 0.5213541666666667 0.8060185185185186 0.225 0.38796296296296295
2 0.35234375 0.7185185185185186 0.1765625 0.38333333333333336
2 0.09947916666666666 0.8148148148148149 0.15104166666666666 0.3703703703703704
0 0.05807291666666667 0.6726851851851852 0.027604166666666666 0.06944444444444445
0 0.3296875 0.6166666666666667 0.03854166666666667 0.061111111111111116
0 0.7888020833333333 0.5504629629629629 0.022395833333333334 0.062037037037037036
0 0.9169270833333333 0.5800925925925926 0.028645833333333332 0.07314814814814816
0 0.9734375 0.5833333333333334 0.04375 0.06296296296296297
0 0.76171875 0.5703703703703704 0.028645833333333332 0.05
0 0.7369791666666666 0.5768518518518518 0.026041666666666668 0.04259259259259259
1 0.5036458333333333 0.6638888888888889 0.03854166666666667 0.07777777777777778
1 0.46067708333333335 0.6569444444444444 0.03697916666666667 0.0638888888888889
1 0.08619791666666667 0.6870370370370371 0.03177083333333333 0.08333333333333334
