2 0.9494791666666667 0.4814814814814815 0.10104166666666667 0.35000000000000003
2 0.6671875 0.45416666666666666 0.16041666666666665 0.35833333333333334
2 0.4903645833333333 0.41944444444444445 0.10260416666666666 0.30185185185185187
2 0.3255208333333333 0.3805555555555556 0.08333333333333333 0.2574074074074074
2 0.3802083333333333 0.3472222222222222 0.06770833333333333 0.23703703703703705
2 0.12317708333333333 0.2962962962962963 0.05364583333333333 0.1425925925925926
0 0.32838541666666665 0.3013888888888889 0.018229166666666668 0.049074074074074076
0 0.35104166666666664 0.2976851851851852 0.019791666666666666 0.04722222222222222
0 0.3841145833333333 0.28425925925925927 0.0140625 0.03333333333333333
0 0.4895833333333333 0.3148148148148148 0.014583333333333334 0.06296296296296297
0 0.5052083333333334 0.325 0.022916666666666665 0.03888888888888889
0 0.9825520833333333 0.375462962962963 0.0328125 0.05648148148148149
1 0.7145833333333333 0.35555555555555557 0.02395833333333333 0.0462962962962963
