0 0.30963541666666666 0.45231481481481484 0.013020833333333334 0.015740740740740743
0 0.24635416666666665 0.4620370370370371 0.009375 0.024074074074074074
0 0.23020833333333332 0.44351851851851853 0.00625 0.009259259259259259
0 0.18359375 0.4393518518518519 0.013020833333333334 0.015740740740740743
0 0.12395833333333334 0.4439814814814815 0.011458333333333333 0.019444444444444445
0 0.07473958333333333 0.44537037037037036 0.0109375 0.018518518518518517
2 0.07708333333333334 0.47361111111111115 0.026041666666666668 0.10462962962962963
2 0.12265625 0.4759259259259259 0.025520833333333333 0.08888888888888889
2 0.14973958333333334 0.46990740740740744 0.0234375 0.0787037037037037
2 0.18229166666666666 0.4791666666666667 0.034375 0.09907407407407408
2 0.24739583333333334 0.5027777777777778 0.030208333333333334 0.10925925925925926
2 0.3046875 0.4953703703703704 0.046875 0.13518518518518519
