2 0.19166666666666665 0.4791666666666667 0.0375 0.09537037037037037
2 0.2625 0.5 0.042708333333333334 0.1277777777777778
2 0.3328125 0.5157407407407407 0.04791666666666666 0.15925925925925927
2 0.37838541666666664 0.5319444444444444 0.049479166666666664 0.1564814814814815
2 0.453125 0.5199074074074074 0.042708333333333334 0.14351851851851852
0 0.4557291666666667 0.4675925925925926 0.014583333333333334 0.03518518518518519
0 0.3809895833333333 0.46990740740740744 0.0140625 0.032407407407407406
0 0.3703125 0.4638888888888889 0.013541666666666667 0.03333333333333333
0 0.3458333333333333 0.4569444444444445 0.009375 0.03425925925925926
0 0.33515625 0.4532407407407408 0.015104166666666667 0.028703703703703703
0 0.26197916666666665 0.45046296296296295 0.014583333333333334 0.02314814814814815
1 0.19583333333333333 0.4481481481481482 0.009375 0.024074074074074074
