1 0.8776371308016877 0.4602941176470588 0.04641350210970464 0.07941176470588235
1 0.8945147679324894 0.5323529411764706 0.02953586497890295 0.058823529411764705
1 0.6413502109704641 0.4661764705882353 0.03797468354430379 0.07941176470588235
1 0.34388185654008435 0.4602941176470588 0.03375527426160337 0.05
0 0.5864978902953586 0.4617647058823529 0.04641350210970464 0.058823529411764705
0 0.49261603375527424 0.46911764705882353 0.04852320675105485 0.08529411764705883
0 0.1793248945147679 0.47205882352941175 0.0590717299578059 0.07941176470588235
2 0.16561181434599154 0.6411764705882352 0.1371308016877637 0.4823529411764706
2 0.3523206751054852 0.5529411764705883 0.08016877637130801 0.27058823529411763
2 0.49894514767932485 0.6220588235294118 0.14135021097046413 0.4441176470588235
2 0.6582278481012658 0.6176470588235294 0.13080168776371306 0.43529411764705883
2 0.8902953586497889 0.6058823529411764 0.1350210970464135 0.4588235294117647
1 0.23206751054852318 0.48823529411764705 0.02953586497890295 0.047058823529411764
1 0.2141350210970464 0.45588235294117646 0.02320675105485232 0.052941176470588235
2 0.24472573839662445 0.6014705882352941 0.10126582278481011 0.4088235294117647
