2 0.7216145833333333 0.6648148148148149 0.20572916666666666 0.4
2 0.9367187499999999 0.6916666666666667 0.1265625 0.575925925925926
0 0.9552083333333333 0.6060185185185185 0.053125 0.10092592592592593
0 0.9601562499999999 0.5333333333333333 0.05364583333333333 0.08888888888888889
0 0.9005208333333333 0.5708333333333333 0.0375 0.09537037037037037
0 0.7049479166666667 0.549074074074074 0.04010416666666666 0.07592592592592592
0 0.6653645833333334 0.5361111111111111 0.030729166666666665 0.06666666666666667
2 0.5119791666666667 0.6157407407407408 0.15 0.29074074074074074
2 0.41015625 0.6435185185185185 0.11510416666666666 0.3092592592592593
2 0.28125 0.6958333333333334 0.21041666666666667 0.425
0 0.22057291666666667 0.5662037037037038 0.034895833333333334 0.06944444444444445
0 0.2674479166666667 0.5731481481481482 0.0453125 0.07222222222222223
0 0.3921875 0.5435185185185185 0.028125 0.05740740740740741
0 0.4630208333333333 0.5203703703703704 0.029166666666666667 0.06481481481481481
1 0.49166666666666664 0.5157407407407407 0.028125 0.053703703703703705
