2 0.8602739726027397 0.4387254901960784 0.23013698630136986 0.7892156862745098
2 0.6246575342465753 0.45588235294117646 0.1863013698630137 0.7647058823529411
2 0.4547945205479452 0.4411764705882353 0.18082191780821918 0.6764705882352942
2 0.2808219178082192 0.4950980392156863 0.16712328767123288 0.6568627450980392
0 0.2726027397260274 0.26715686274509803 0.07397260273972603 0.19117647058823528
0 0.12328767123287672 0.2034313725490196 0.07671232876712329 0.15196078431372548
0 0.4232876712328767 0.19852941176470587 0.07397260273972603 0.16176470588235295
0 0.6095890410958904 0.20833333333333334 0.08493150684931507 0.1715686274509804
0 0.8041095890410959 0.15441176470588236 0.07397260273972603 0.1715686274509804
1 0.863013698630137 0.19117647058823528 0.0821917808219178 0.18627450980392157
