2 0.7572916666666667 0.7555555555555555 0.21145833333333333 0.412962962962963
2 0.9119791666666667 0.5958333333333333 0.071875 0.23055555555555557
2 0.775 0.6032407407407407 0.08333333333333333 0.1712962962962963
2 0.390625 0.5824074074074075 0.07708333333333334 0.20555555555555557
2 0.4744791666666667 0.7935185185185185 0.18541666666666667 0.412962962962963
2 0.08880208333333334 0.7546296296296297 0.15677083333333333 0.32407407407407407
0 0.030729166666666665 0.6467592592592593 0.027083333333333334 0.06018518518518519
0 0.06875 0.6351851851851852 0.034375 0.06666666666666667
0 0.41015625 0.5541666666666667 0.015104166666666667 0.032407407407407406
0 0.7682291666666666 0.55 0.021875 0.040740740740740744
0 0.9302083333333333 0.5402777777777777 0.022916666666666665 0.05092592592592593
0 0.7265625 0.6208333333333333 0.042708333333333334 0.08981481481481482
0 0.44869791666666664 0.6560185185185186 0.0453125 0.09351851851851853
