2 0.8734353268428372 0.5170132325141777 0.2058414464534075 0.5085066162570888
2 0.5299026425591099 0.6039697542533081 0.2892906815020862 0.7353497164461248
2 0.30180806675938804 0.5302457466918715 0.1474269819193324 0.4517958412098299
2 0.14534075104311542 0.5349716446124764 0.1376912378303199 0.4120982986767486
2 0.04728789986091794 0.5330812854442344 0.09179415855354658 0.33648393194706994
0 0.03894297635605007 0.42060491493383745 0.036161335187760775 0.054820415879017016
0 0.13282336578581364 0.40453686200378075 0.037552155771905425 0.07561436672967864
0 0.2941585535465925 0.388468809073724 0.048678720445062586 0.08128544423440454
0 0.5076495132127955 0.3166351606805293 0.08623087621696801 0.14177693761814744
0 0.8727399165507649 0.3591682419659735 0.06815020862308761 0.09829867674858224
