0 0.63 0.24324324324324323 0.035 0.07207207207207207
0 0.795 0.5067567567567568 0.045 0.08558558558558559
0 0.3825 0.3716216216216216 0.045 0.08558558558558559
1 0.85875 0.38288288288288286 0.0425 0.08108108108108109
1 0.845 0.49099099099099097 0.035 0.06306306306306306
1 0.835 0.5878378378378378 0.035 0.07657657657657657
1 0.51625 0.5202702702702703 0.0325 0.08558558558558559
1 0.34 0.43243243243243246 0.045 0.07207207207207207
1 0.21 0.32432432432432434 0.035 0.07207207207207207
1 0.17500000000000002 0.5427927927927928 0.045 0.08558558558558559
2 0.62625 0.36036036036036034 0.2175 0.44144144144144143
2 0.83125 0.7545045045045045 0.1375 0.45495495495495497
2 0.745 0.6171171171171171 0.135 0.4144144144144144
2 0.88625 0.5022522522522522 0.1625 0.4189189189189189
2 0.51625 0.6959459459459459 0.2675 0.45495495495495497
2 0.3375 0.5653153153153153 0.2 0.3738738738738739
2 0.40125 0.47297297297297297 0.1275 0.3963963963963964
2 0.19125 0.4189189189189189 0.20750000000000002 0.40540540540540543
2 0.15625 0.704954954954955 0.2575 0.4369369369369369
