0 0.8118712273641852 0.28044280442804426 0.09859154929577466 0.2287822878228782
0 0.937625754527163 0.33210332103321033 0.044265593561368215 0.09594095940959409
0 0.6096579476861167 0.2896678966789668 0.12072434607645877 0.2177121771217712
0 0.37826961770623746 0.3247232472324723 0.08048289738430583 0.13284132841328414
0 0.3189134808853119 0.35793357933579334 0.08651911468812878 0.14760147601476015
0 0.2142857142857143 0.41697416974169743 0.05432595573440644 0.08856088560885608
0 0.2635814889336016 0.37453874538745385 0.048289738430583505 0.1143911439114391
2 0.9315895372233401 0.49815498154981547 0.13682092555331993 0.5682656826568265
2 0.6287726358148894 0.533210332103321 0.5291750503018109 0.8745387453874538
2 0.28269617706237427 0.5940959409594095 0.40040241448692154 0.7527675276752768
2 0.16800804828973845 0.48523985239852396 0.23541247484909458 0.5867158671586715
