2 0.84921875 0.6310185185185185 0.21614583333333334 0.48055555555555557
2 0.7096354166666666 0.7023148148148148 0.2713541666666667 0.5564814814814815
2 0.5111979166666667 0.5925925925925926 0.1640625 0.37592592592592594
2 0.39375 0.7217592592592593 0.18958333333333333 0.500925925925926
2 0.253125 0.5055555555555555 0.13645833333333332 0.29444444444444445
2 0.09401041666666667 0.6245370370370371 0.13802083333333334 0.4101851851851852
2 0.15364583333333334 0.4310185185185185 0.078125 0.23055555555555557
0 0.050520833333333334 0.4791666666666667 0.04479166666666667 0.08055555555555556
0 0.37578125 0.5282407407407408 0.05364583333333333 0.10092592592592593
0 0.6328125 0.5375 0.04375 0.10277777777777779
0 0.6856770833333333 0.5157407407407407 0.0421875 0.1
0 0.7888020833333333 0.4675925925925926 0.0515625 0.10370370370370371
0 0.47630208333333335 0.45231481481481484 0.0453125 0.08796296296296297
0 0.3450520833333333 0.44074074074074077 0.034895833333333334 0.07777777777777778
1 0.37916666666666665 0.4481481481481482 0.028125 0.06296296296296297
1 0.14635416666666667 0.3773148148148148 0.03333333333333333 0.049074074074074076
0 0.23619791666666667 0.4101851851851852 0.024479166666666666 0.0462962962962963
0 0.21796875 0.4046296296296297 0.0203125 0.04814814814814815
