2 0.8083333333333333 0.725462962962963 0.29270833333333335 0.5194444444444445
2 0.53515625 0.6037037037037037 0.2265625 0.40555555555555556
2 0.058854166666666666 0.5291666666666667 0.10416666666666667 0.2675925925925926
0 0.024479166666666666 0.4351851851851852 0.028125 0.05
0 0.50859375 0.4550925925925926 0.0421875 0.08240740740740742
0 0.7619791666666667 0.5259259259259259 0.05416666666666667 0.10370370370370371
2 0.9125 0.44907407407407407 0.075 0.17777777777777778
0 0.9184895833333333 0.39861111111111114 0.019270833333333334 0.04166666666666667
2 0.6846354166666666 0.44027777777777777 0.09739583333333333 0.18796296296296297
0 0.69140625 0.38796296296296295 0.013020833333333334 0.031481481481481485
0 0.7033854166666667 0.3842592592592593 0.0109375 0.02777777777777778
