1 0.53 0.12355212355212356 0.105 0.15444015444015444
1 0.77375 0.3108108108108108 0.0425 0.09652509652509653
1 0.9237500000000001 0.3590733590733591 0.0375 0.08494208494208494
1 0.265 0.33204633204633205 0.06 0.09266409266409267
1 0.05625 0.3416988416988417 0.0475 0.09652509652509653
2 0.07125000000000001 0.5250965250965252 0.1325 0.5019305019305019
2 0.26875 0.528957528957529 0.1875 0.5868725868725869
2 0.55125 0.5 0.3025 0.9613899613899615
2 0.8 0.5193050193050193 0.17 0.5830115830115831
2 0.94125 0.5096525096525096 0.11750000000000001 0.45559845559845563
