0 0.1975 0.5137614678899083 0.045 0.09174311926605505
0 0.5175 0.5252293577981652 0.045 0.11467889908256881
0 0.675 0.5344036697247707 0.035 0.0871559633027523
0 0.73625 0.5275229357798166 0.0475 0.09174311926605505
0 0.8562500000000001 0.5527522935779817 0.0325 0.0871559633027523
2 0.8525 0.6490825688073395 0.095 0.3990825688073395
2 0.75 0.6605504587155964 0.105 0.44036697247706424
2 0.66625 0.6399082568807339 0.08750000000000001 0.40825688073394495
2 0.59875 0.6788990825688074 0.1075 0.43119266055045874
2 0.515 0.6995412844036698 0.13 0.536697247706422
2 0.30125 0.7110091743119267 0.14250000000000002 0.5412844036697249
2 0.19125 0.6513761467889909 0.1075 0.48623853211009177
1 0.30875 0.5206422018348624 0.0425 0.0871559633027523
1 0.6 0.5344036697247707 0.03 0.06880733944954129
