2 0.8796296296296297 0.5319888734353269 0.2240740740740741 0.4993045897079276
2 0.6532407407407408 0.49652294853963835 0.13611111111111113 0.5118219749652294
2 0.4981481481481482 0.5514603616133519 0.1685185185185185 0.4853963838664812
2 0.32962962962962966 0.5139082058414465 0.14074074074074075 0.454798331015299
2 0.1902777777777778 0.5111265646731571 0.14351851851851852 0.3963838664812239
2 0.07824074074074075 0.5521557719054242 0.13796296296296298 0.4339360222531293
1 0.08101851851851852 0.37830319888734354 0.05092592592592593 0.08623087621696801
1 0.1851851851851852 0.38734353268428373 0.04259259259259259 0.07649513212795549
0 0.3231481481481482 0.3602225312934631 0.05740740740740741 0.09735744089012517
0 0.48888888888888893 0.3755215577190542 0.05925925925925926 0.10570236439499305
0 0.6722222222222223 0.32336578581363 0.053703703703703705 0.10709318497913768
0 0.8680555555555556 0.34909596662030595 0.06759259259259259 0.08623087621696801
