2 0.7528645833333333 0.6560185185185186 0.10781249999999999 0.31203703703703706
0 0.7552083333333334 0.549537037037037 0.036458333333333336 0.05092592592592593
2 0.6567708333333333 0.6143518518518519 0.11145833333333333 0.26944444444444443
0 0.6721354166666667 0.5361111111111111 0.028645833333333332 0.05
2 0.5427083333333333 0.5953703703703704 0.08125 0.2240740740740741
0 0.5557291666666666 0.5282407407407408 0.016666666666666666 0.049074074074074076
2 0.4466145833333333 0.6199074074074075 0.09739583333333333 0.24722222222222223
0 0.44921875 0.5347222222222222 0.024479166666666666 0.036111111111111115
2 0.3247395833333333 0.6037037037037037 0.07760416666666667 0.20185185185185187
0 0.31640625 0.5277777777777778 0.022395833333333334 0.044444444444444446
