0 0.6703125 0.6305555555555555 0.051041666666666666 0.10925925925925926
0 0.61328125 0.5912037037037037 0.05364583333333333 0.10648148148148148
0 0.3684895833333333 0.549074074074074 0.0546875 0.0925925925925926
0 0.09348958333333333 0.5824074074074075 0.0328125 0.07962962962962963
0 0.1125 0.5731481481481482 0.034375 0.06666666666666667
0 0.31536458333333334 0.4814814814814815 0.01614583333333333 0.031481481481481485
0 0.30442708333333335 0.4726851851851852 0.015104166666666667 0.030555555555555558
0 0.23802083333333332 0.46481481481481485 0.017708333333333333 0.03518518518518519
0 0.17942708333333332 0.4620370370370371 0.013020833333333334 0.02962962962962963
0 0.16302083333333334 0.4708333333333333 0.014583333333333334 0.03981481481481482
0 0.08359375 0.4740740740740741 0.0234375 0.03518518518518519
2 0.08333333333333333 0.5148148148148148 0.06041666666666667 0.16111111111111112
2 0.16276041666666666 0.5101851851851852 0.034895833333333334 0.1537037037037037
2 0.18723958333333332 0.49722222222222223 0.033854166666666664 0.13148148148148148
2 0.23489583333333333 0.5037037037037038 0.05520833333333333 0.16481481481481483
2 0.3091145833333333 0.5212962962962964 0.0640625 0.19444444444444445
2 0.09869791666666666 0.7439814814814815 0.1515625 0.41944444444444445
2 0.3690104166666667 0.7402777777777778 0.14635416666666667 0.45092592592592595
2 0.6723958333333333 0.7495370370370371 0.21354166666666666 0.47500000000000003
