2 0.33125 0.7171296296296297 0.21458333333333332 0.5657407407407408
2 0.7705729166666666 0.4962962962962963 0.07447916666666667 0.2833333333333333
2 0.9080729166666667 0.5976851851851852 0.05677083333333333 0.36203703703703705
2 0.9630208333333333 0.45972222222222225 0.04895833333333333 0.23240740740740742
2 0.8674479166666667 0.46296296296296297 0.06614583333333333 0.2611111111111111
1 0.7708333333333334 0.39583333333333337 0.019791666666666666 0.062037037037037036
1 0.33098958333333334 0.5527777777777778 0.0484375 0.13333333333333333
1 0.28411458333333334 0.6148148148148148 0.05260416666666667 0.08888888888888889
1 0.9125 0.46574074074074073 0.026041666666666668 0.05740740740740741
1 0.865625 0.38796296296296295 0.025 0.05185185185185186
0 0.96484375 0.3944444444444445 0.027604166666666666 0.05
