2 0.5770833333333333 0.4388888888888889 0.11458333333333333 0.22592592592592595
2 0.3536458333333333 0.43333333333333335 0.08958333333333333 0.20370370370370372
2 0.19869791666666667 0.576388888888889 0.1515625 0.3564814814814815
2 0.05286458333333333 0.5444444444444445 0.0984375 0.28703703703703703
0 0.03333333333333333 0.4356481481481482 0.03958333333333333 0.06944444444444445
0 0.18072916666666666 0.4527777777777778 0.0375 0.08333333333333334
0 0.3776041666666667 0.38472222222222224 0.015625 0.03981481481481482
0 0.3640625 0.3888888888888889 0.016666666666666666 0.03888888888888889
0 0.58203125 0.3856481481481482 0.01614583333333333 0.04166666666666667
1 0.5973958333333333 0.39351851851851855 0.017708333333333333 0.03518518518518519
