2 0.9018229166666667 0.5032407407407408 0.1703125 0.42129629629629634
0 0.9614583333333333 0.4152777777777778 0.034375 0.06944444444444445
0 0.9260416666666667 0.412962962962963 0.025 0.06296296296296297
2 0.5216145833333333 0.412962962962963 0.08697916666666666 0.2537037037037037
2 0.3450520833333333 0.3731481481481482 0.057812499999999996 0.23148148148148148
2 0.4010416666666667 0.3666666666666667 0.06458333333333333 0.1851851851851852
2 0.22890625 0.33472222222222225 0.06197916666666667 0.18055555555555555
2 0.16614583333333333 0.31157407407407406 0.04375 0.15092592592592594
0 0.5484375 0.3263888888888889 0.020833333333333332 0.04537037037037037
0 0.5302083333333333 0.32962962962962966 0.01875 0.044444444444444446
0 0.3966145833333333 0.2925925925925926 0.01614583333333333 0.03333333333333333
0 0.3528645833333333 0.2949074074074074 0.0234375 0.04537037037037037
0 0.22786458333333334 0.27083333333333337 0.01614583333333333 0.03796296296296296
0 0.16666666666666666 0.2550925925925926 0.013541666666666667 0.028703703703703703
