2 0.7221354166666667 0.600925925925926 0.08489583333333334 0.19074074074074074
2 0.9065104166666667 0.7981481481481482 0.18697916666666667 0.40370370370370373
2 0.49765624999999997 0.8092592592592593 0.17239583333333333 0.35185185185185186
2 0.3723958333333333 0.7560185185185185 0.09583333333333333 0.3490740740740741
2 0.275 0.7444444444444445 0.10625 0.3314814814814815
0 0.4557291666666667 0.700462962962963 0.05 0.10092592592592593
0 0.72578125 0.5435185185185185 0.018229166666666668 0.03518518518518519
0 0.8643229166666666 0.6907407407407408 0.044270833333333336 0.11481481481481481
0 0.39140625 0.674537037037037 0.0609375 0.10648148148148148
0 0.2833333333333333 0.6444444444444445 0.03125 0.06851851851851852
0 0.2546875 0.6773148148148148 0.021875 0.05462962962962963
1 0.9104166666666667 0.6800925925925926 0.04895833333333333 0.10092592592592593
1 0.9718749999999999 0.7712962962962964 0.04375 0.07222222222222223
