2 0.3898550724637681 0.6630434782608696 0.263768115942029 0.5608695652173913
2 0.7391304347826088 0.5945652173913043 0.25507246376811593 0.40652173913043477
2 0.8427536231884059 0.5652173913043478 0.18985507246376812 0.3521739130434783
2 0.8978260869565218 0.5260869565217391 0.1492753623188406 0.30869565217391304
2 0.4731884057971015 0.5054347826086957 0.1 0.29782608695652174
2 0.4282608695652174 0.5206521739130435 0.10579710144927536 0.3239130434782609
1 0.4057971014492754 0.425 0.03768115942028986 0.06304347826086956
1 0.43985507246376815 0.41847826086956524 0.02753623188405797 0.04565217391304348
1 0.3456521739130435 0.44021739130434784 0.04492753623188406 0.08043478260869566
1 0.7202898550724638 0.4282608695652174 0.043478260869565216 0.06521739130434782
1 0.7992753623188406 0.43043478260869567 0.042028985507246375 0.05652173913043478
1 0.8521739130434782 0.4206521739130435 0.028985507246376812 0.05434782608695652
