2 0.103125 0.5657407407407408 0.04895833333333333 0.17037037037037037
2 0.33567708333333335 0.5736111111111112 0.04739583333333333 0.1638888888888889
2 0.4158854166666667 0.5550925925925926 0.05572916666666666 0.10833333333333334
2 0.73984375 0.6453703703703704 0.09739583333333333 0.2777777777777778
2 0.2817708333333333 0.5310185185185186 0.0375 0.11574074074074074
2 0.17890625 0.5305555555555556 0.03802083333333333 0.11851851851851852
2 0.13151041666666666 0.5305555555555556 0.03697916666666667 0.12592592592592594
0 0.09869791666666666 0.5087962962962963 0.013020833333333334 0.03425925925925926
0 0.18333333333333332 0.49212962962962964 0.0125 0.028703703703703703
0 0.28463541666666664 0.49259259259259264 0.0109375 0.020370370370370372
0 0.3372395833333333 0.5087962962962963 0.018229166666666668 0.028703703703703703
0 0.7424479166666667 0.5435185185185185 0.027604166666666666 0.0462962962962963
0 0.49973958333333335 0.5231481481481481 0.0171875 0.02777777777777778
2 0.490625 0.5523148148148148 0.058333333333333334 0.14537037037037037
