2 0.921875 0.587037037037037 0.12395833333333334 0.25
2 0.7036458333333333 0.7657407407407407 0.2864583333333333 0.3814814814814815
2 0.29661458333333335 0.8351851851851853 0.20364583333333333 0.32962962962962966
2 0.16458333333333333 0.774537037037037 0.16145833333333334 0.36574074074074076
2 0.049479166666666664 0.6680555555555556 0.090625 0.1953703703703704
1 0.0140625 0.611574074074074 0.013541666666666667 0.036111111111111115
1 0.12083333333333333 0.6717592592592593 0.03125 0.06944444444444445
1 0.16744791666666667 0.6717592592592593 0.0328125 0.062037037037037036
1 0.22786458333333334 0.7023148148148148 0.03802083333333333 0.0712962962962963
1 0.28619791666666666 0.712037037037037 0.0390625 0.08703703703703704
0 0.19557291666666665 0.6606481481481482 0.033854166666666664 0.06574074074074074
0 0.03697916666666667 0.5953703703703704 0.019791666666666666 0.037037037037037035
1 0.6294270833333333 0.6263888888888889 0.025520833333333333 0.0712962962962963
1 0.6619791666666667 0.6287037037037038 0.030208333333333334 0.07592592592592592
1 0.7072916666666667 0.7000000000000001 0.03229166666666666 0.061111111111111116
1 0.91875 0.5296296296296297 0.015625 0.02962962962962963
1 0.94765625 0.5296296296296297 0.0140625 0.031481481481481485
