2 0.10729166666666666 0.5449074074074074 0.134375 0.3138888888888889
2 0.5158854166666667 0.6222222222222222 0.22239583333333332 0.5037037037037038
2 0.7364583333333333 0.5810185185185185 0.14375 0.40092592592592596
2 0.87109375 0.7384259259259259 0.24739583333333334 0.5231481481481481
0 0.8557291666666667 0.587962962962963 0.08125 0.1537037037037037
0 0.7479166666666667 0.4814814814814815 0.035416666666666666 0.08518518518518518
0 0.4869791666666667 0.4930555555555556 0.046875 0.07685185185185185
0 0.4427083333333333 0.4740740740740741 0.046875 0.08518518518518518
0 0.09505208333333333 0.4314814814814815 0.0359375 0.05
1 0.6893229166666667 0.5069444444444444 0.03177083333333333 0.07314814814814816
