2 0.2015625 0.7185185185185186 0.08020833333333333 0.22962962962962963
2 0.5161458333333333 0.7203703703703704 0.07916666666666666 0.2425925925925926
2 0.4401041666666667 0.7023148148148148 0.06770833333333333 0.23796296296296296
2 0.6377604166666666 0.6958333333333334 0.09635416666666667 0.24537037037037038
2 0.76328125 0.6902777777777778 0.14114583333333333 0.33611111111111114
2 0.8643229166666666 0.6805555555555556 0.0796875 0.19444444444444445
1 0.8742187499999999 0.6032407407407407 0.015104166666666667 0.03425925925925926
1 0.8507812499999999 0.6106481481481482 0.0203125 0.028703703703703703
1 0.5096354166666667 0.6263888888888889 0.01614583333333333 0.036111111111111115
1 0.4984375 0.6365740740740741 0.01875 0.03981481481481482
0 0.6291666666666667 0.6296296296296297 0.029166666666666667 0.05740740740740741
0 0.7669270833333334 0.6111111111111112 0.0296875 0.05925925925925926
0 0.7981770833333334 0.6092592592592593 0.0296875 0.05740740740740741
1 0.4466145833333333 0.6337962962962963 0.01614583333333333 0.03981481481481482
1 0.43307291666666664 0.6356481481481482 0.011979166666666666 0.028703703703703703
1 0.19635416666666666 0.6421296296296296 0.01875 0.04351851851851852
