2 0.09401041666666667 0.5967592592592593 0.059895833333333336 0.16574074074074074
2 0.30442708333333335 0.7828703703703704 0.2328125 0.36203703703703705
2 0.3403645833333333 0.600925925925926 0.0703125 0.17407407407407408
2 0.03125 0.5953703703703704 0.052083333333333336 0.17222222222222222
0 0.2911458333333333 0.6481481481481481 0.034375 0.06666666666666667
0 0.34010416666666665 0.5435185185185185 0.021875 0.022222222222222223
0 0.08880208333333334 0.5365740740740741 0.0203125 0.032407407407407406
0 0.026041666666666668 0.5421296296296296 0.021875 0.03796296296296296
1 0.07552083333333333 0.537962962962963 0.0125 0.031481481481481485
1 0.2638020833333333 0.6824074074074075 0.0203125 0.05740740740740741
1 0.24348958333333334 0.6796296296296297 0.027604166666666666 0.053703703703703705
