2 0.8401041666666667 0.5259259259259259 0.14791666666666667 0.31851851851851853
2 0.3893229166666667 0.6962962962962963 0.18697916666666667 0.5555555555555556
2 0.2604166666666667 0.4 0.05 0.17222222222222222
2 0.3078125 0.4027777777777778 0.057291666666666664 0.16481481481481483
2 0.3684895833333333 0.4185185185185185 0.07135416666666666 0.17962962962962964
2 0.68828125 0.47731481481481486 0.0765625 0.28425925925925927
0 0.8429687499999999 0.41805555555555557 0.03177083333333333 0.06018518518518519
0 0.7 0.4 0.02395833333333333 0.03888888888888889
0 0.3768229166666667 0.47962962962962963 0.0484375 0.08703703703703704
0 0.36276041666666664 0.3592592592592593 0.01614583333333333 0.02592592592592593
0 0.30885416666666665 0.34953703703703703 0.016666666666666666 0.025
0 0.2661458333333333 0.34351851851851856 0.014583333333333334 0.031481481481481485
