2 0.5166666666666666 0.7689814814814815 0.15625 0.4620370370370371
2 0.41640625 0.5694444444444444 0.0671875 0.16296296296296298
2 0.33098958333333334 0.5699074074074074 0.07447916666666667 0.18425925925925926
2 0.21041666666666667 0.5319444444444444 0.04895833333333333 0.13425925925925927
2 0.1546875 0.5231481481481481 0.034375 0.10370370370370371
0 0.503125 0.638888888888889 0.034375 0.07407407407407407
0 0.4875 0.5861111111111111 0.04583333333333333 0.07222222222222223
0 0.421875 0.5152777777777778 0.017708333333333333 0.028703703703703703
0 0.33697916666666666 0.5050925925925926 0.017708333333333333 0.03796296296296296
0 0.20781249999999998 0.48888888888888893 0.019791666666666666 0.022222222222222223
