2 0.7276041666666666 0.7111111111111111 0.07604166666666666 0.25
2 0.371875 0.6935185185185185 0.08541666666666667 0.17407407407407408
2 0.2955729166666667 0.7087962962962964 0.06822916666666666 0.20277777777777778
2 0.2203125 0.7402777777777778 0.13958333333333334 0.287962962962963
0 0.22864583333333333 0.6467592592592593 0.030208333333333334 0.06018518518518519
1 0.2869791666666667 0.6458333333333334 0.020833333333333332 0.03425925925925926
1 0.3489583333333333 0.638888888888889 0.009375 0.024074074074074074
1 0.36302083333333335 0.6337962962962963 0.011458333333333333 0.030555555555555558
2 0.4973958333333333 0.6347222222222223 0.06145833333333333 0.11018518518518519
1 0.7111979166666667 0.6240740740740741 0.0203125 0.040740740740740744
0 0.49140625 0.6013888888888889 0.0109375 0.021296296296296296
