2 0.9239583333333333 0.6606481481481482 0.06666666666666667 0.18796296296296297
2 0.8130208333333333 0.6856481481481482 0.071875 0.225
2 0.74609375 0.7041666666666667 0.08072916666666667 0.2638888888888889
2 0.5614583333333333 0.6907407407407408 0.04375 0.17962962962962964
2 0.5963541666666666 0.6601851851851852 0.03958333333333333 0.13518518518518519
2 0.4796875 0.7310185185185185 0.058333333333333334 0.25462962962962965
2 0.39947916666666666 0.7412037037037037 0.140625 0.31574074074074077
2 0.25234375 0.7087962962962964 0.0765625 0.2601851851851852
0 0.9210937499999999 0.6097222222222223 0.018229166666666668 0.03981481481481482
0 0.7947916666666667 0.6175925925925926 0.019791666666666666 0.05
0 0.7453125 0.6199074074074075 0.03333333333333333 0.049074074074074076
0 0.43854166666666666 0.6328703703703704 0.035416666666666666 0.075
0 0.40598958333333335 0.6342592592592593 0.0328125 0.05555555555555556
1 0.46484375 0.638888888888889 0.022395833333333334 0.0462962962962963
1 0.5640625 0.6268518518518519 0.015625 0.03518518518518519
1 0.8098958333333334 0.6111111111111112 0.019791666666666666 0.03888888888888889
1 0.5942708333333333 0.6162037037037037 0.009375 0.021296296296296296
1 0.584375 0.6166666666666667 0.009375 0.022222222222222223
1 0.24947916666666667 0.6421296296296296 0.016666666666666666 0.049074074074074076
0 0.23463541666666665 0.637962962962963 0.01614583333333333 0.03333333333333333
