2 0.315625 0.7449074074074075 0.103125 0.3027777777777778
2 0.5822916666666667 0.7930555555555556 0.08125 0.36203703703703705
2 0.9635416666666666 0.7930555555555556 0.07291666666666667 0.3527777777777778
2 0.5231770833333333 0.7157407407407408 0.0515625 0.2388888888888889
2 0.6408854166666667 0.6870370370370371 0.050520833333333334 0.1814814814814815
2 0.7236979166666666 0.6615740740740741 0.0421875 0.15092592592592594
1 0.30833333333333335 0.638888888888889 0.021875 0.05925925925925926
1 0.5713541666666666 0.6490740740740741 0.02395833333333333 0.07222222222222223
1 0.63828125 0.6212962962962963 0.015104166666666667 0.02962962962962963
1 0.5276041666666667 0.6314814814814815 0.014583333333333334 0.04814814814814815
1 0.5122395833333333 0.6305555555555555 0.024479166666666666 0.03518518518518519
0 0.29661458333333335 0.6342592592592593 0.019270833333333334 0.044444444444444446
0 0.7203125 0.6111111111111112 0.016666666666666666 0.037037037037037035
0 0.9888020833333333 0.674074074074074 0.022395833333333334 0.08148148148148149
