2 0.6981770833333333 0.7495370370370371 0.2630208333333333 0.500925925925926
2 0.77265625 0.6689814814814815 0.2765625 0.47685185185185186
2 0.5294270833333333 0.563425925925926 0.1859375 0.3527777777777778
2 0.3625 0.6314814814814815 0.190625 0.45555555555555555
2 0.19375 0.5828703703703704 0.14791666666666667 0.3509259259259259
2 0.1 0.6819444444444445 0.19479166666666667 0.44537037037037036
0 0.02421875 0.5013888888888889 0.04010416666666666 0.0712962962962963
0 0.071875 0.5189814814814815 0.0375 0.06759259259259259
0 0.19192708333333333 0.45601851851851855 0.03697916666666667 0.058333333333333334
0 0.14791666666666667 0.4638888888888889 0.034375 0.05
0 0.35703125 0.4740740740740741 0.0421875 0.08703703703703704
0 0.5104166666666666 0.43842592592592594 0.03854166666666667 0.0638888888888889
0 0.6583333333333333 0.5638888888888889 0.0625 0.10370370370370371
0 0.6640625 0.4912037037037037 0.041666666666666664 0.08055555555555556
1 0.7044270833333334 0.5064814814814815 0.0390625 0.07777777777777778
