2 0.88046875 0.6532407407407408 0.22864583333333333 0.5194444444444445
2 0.3109375 0.45046296296296295 0.096875 0.27314814814814814
2 0.2046875 0.6453703703703704 0.12708333333333333 0.49444444444444446
2 0.05911458333333333 0.6041666666666667 0.09427083333333333 0.4175925925925926
0 0.8768229166666667 0.48240740740740745 0.04739583333333333 0.09814814814814815
0 0.8333333333333334 0.47962962962962963 0.03125 0.07962962962962963
0 0.05286458333333333 0.4527777777777778 0.0421875 0.08888888888888889
0 0.30885416666666665 0.3824074074074074 0.017708333333333333 0.044444444444444446
0 0.2955729166666667 0.3597222222222222 0.0203125 0.03796296296296296
1 0.20078125 0.4550925925925926 0.04010416666666666 0.08425925925925926
